"Recording_ID","Genus","Specific_epithet","Subspecies","English_name","Recordist","Country","Locality","Latitude","Longitude","Vocalization_type","Audio_file","License","Url","Quality","Time","Date","Altitude","Spectrogram_small","Spectrogram_med","Spectrogram_large","Spectrogram_full","Length","Uploaded","Other_species","Remarks","Bird_seen","Playback_used","Other_species1","Other_species2","Other_species3","Other_species4","Other_species5","Other_species6","Other_species7","Other_species8"
"406968","Phaethornis","yaruqui","","White-whiskered Hermit","Myornis","Colombia","La Chocoana, Guachalito, Nuquí, Chocó","5.6271","-77.4042","flight call","//www.xeno-canto.org/406968/download","//creativecommons.org/licenses/by-nc-sa/4.0/","//www.xeno-canto.org/406968","A","?","2018-08-00","30","//www.xeno-canto.org/sounds/uploaded/OXSIOLJJUP/ffts/XC406968-small.png","//www.xeno-canto.org/sounds/uploaded/OXSIOLJJUP/ffts/XC406968-med.png","//www.xeno-canto.org/sounds/uploaded/OXSIOLJJUP/ffts/XC406968-large.png","//www.xeno-canto.org/sounds/uploaded/OXSIOLJJUP/ffts/XC406968-full.png","0:02","2018-03-23","","In forest.","yes","no",NA,NA,NA,NA,NA,NA,NA,NA
"403856","Phaethornis","yaruqui","","White-whiskered Hermit","Myornis","Colombia","La Chocoana, Guachalito, Nuquí, Chocó","5.6271","-77.4042","flight call","//www.xeno-canto.org/403856/download","//creativecommons.org/licenses/by-nc-sa/4.0/","//www.xeno-canto.org/403856","A","?","2017-08-00","10","//www.xeno-canto.org/sounds/uploaded/OXSIOLJJUP/ffts/XC403856-small.png","//www.xeno-canto.org/sounds/uploaded/OXSIOLJJUP/ffts/XC403856-med.png","//www.xeno-canto.org/sounds/uploaded/OXSIOLJJUP/ffts/XC403856-large.png","//www.xeno-canto.org/sounds/uploaded/OXSIOLJJUP/ffts/XC403856-full.png","0:04","2018-02-28","Coereba flaveola","Forest border.","yes","no",NA,NA,NA,NA,NA,NA,NA,NA
"403854","Phaethornis","yaruqui","","White-whiskered Hermit","Myornis","Colombia","La Chocoana, Guachalito, Nuquí, Chocó","5.6271","-77.4042","flight call","//www.xeno-canto.org/403854/download","//creativecommons.org/licenses/by-nc-sa/4.0/","//www.xeno-canto.org/403854","A","?","2017-08-00","10","//www.xeno-canto.org/sounds/uploaded/OXSIOLJJUP/ffts/XC403854-small.png","//www.xeno-canto.org/sounds/uploaded/OXSIOLJJUP/ffts/XC403854-med.png","//www.xeno-canto.org/sounds/uploaded/OXSIOLJJUP/ffts/XC403854-large.png","//www.xeno-canto.org/sounds/uploaded/OXSIOLJJUP/ffts/XC403854-full.png","0:01","2018-02-28","","Forest border.","yes","no",NA,NA,NA,NA,NA,NA,NA,NA
"387711","Phaethornis","yaruqui","","White-whiskered Hermit","Jerome Fischer","Ecuador","Amagusa Reserve Pichincha","0.1607","-78.8539","song","//www.xeno-canto.org/387711/download","//creativecommons.org/licenses/by-nc-sa/4.0/","//www.xeno-canto.org/387711","A","09:00","2017-09-24","1300","//www.xeno-canto.org/sounds/uploaded/JPBSNBUUEF/ffts/XC387711-small.png","//www.xeno-canto.org/sounds/uploaded/JPBSNBUUEF/ffts/XC387711-med.png","//www.xeno-canto.org/sounds/uploaded/JPBSNBUUEF/ffts/XC387711-large.png","//www.xeno-canto.org/sounds/uploaded/JPBSNBUUEF/ffts/XC387711-full.png","0:50","2017-09-27","","","yes","no",NA,NA,NA,NA,NA,NA,NA,NA
"275252","Phaethornis","yaruqui","","White-whiskered Hermit","Patricio Mena Valenzuela","Ecuador","Esmeraldas: San Miguel, Río Cayapas","0.75","-78.917","song, calls, wing noise","//www.xeno-canto.org/275252/download","//creativecommons.org/licenses/by-nc-sa/4.0/","//www.xeno-canto.org/275252","A","?","1996-12-00","70","//www.xeno-canto.org/sounds/uploaded/WQDBTPZFRV/ffts/XC275252-small.png","//www.xeno-canto.org/sounds/uploaded/WQDBTPZFRV/ffts/XC275252-med.png","//www.xeno-canto.org/sounds/uploaded/WQDBTPZFRV/ffts/XC275252-large.png","//www.xeno-canto.org/sounds/uploaded/WQDBTPZFRV/ffts/XC275252-full.png","0:23","2015-08-28",NA,"<a href=http://johnvmoorenaturerecordings.com/pubs/ECUAD/main.htm>Moore et al. 2013: Bird Sounds of Ecuador DVD </a>","unknown","no","Pachyramphus cinnamomeus","Threnetes ruckeri","Saltator grossus",NA,NA,NA,NA,NA
"261696","Phaethornis","yaruqui","","White-whiskered Hermit","Olaf Jahn","Ecuador","Esmeraldas: Playa de Oro, foothill zone ca. 7 km E of village, Río Santiago","0.867","-78.733","flight calls, wing noise","//www.xeno-canto.org/261696/download","//creativecommons.org/licenses/by-nc-sa/4.0/","//www.xeno-canto.org/261696","A","?","1997-04-22","150","//www.xeno-canto.org/sounds/uploaded/UZXDJEAXMH/ffts/XC261696-small.png","//www.xeno-canto.org/sounds/uploaded/UZXDJEAXMH/ffts/XC261696-med.png","//www.xeno-canto.org/sounds/uploaded/UZXDJEAXMH/ffts/XC261696-large.png","//www.xeno-canto.org/sounds/uploaded/UZXDJEAXMH/ffts/XC261696-full.png","0:10","2015-07-19","","<a href=http://johnvmoorenaturerecordings.com/pubs/ECUAD/main.htm>Moore et al. 2013: Bird Sounds of Ecuador DVD </a>","unknown","no",NA,NA,NA,NA,NA,NA,NA,NA
"261695","Phaethornis","yaruqui","","White-whiskered Hermit","Olaf Jahn","Ecuador","Esmeraldas: Awacachi Biological Corridor, Río Bogotá area","1.064","-78.681","flight calls, perch calls","//www.xeno-canto.org/261695/download","//creativecommons.org/licenses/by-nc-sa/4.0/","//www.xeno-canto.org/261695","A","?","2009-09-00","100","//www.xeno-canto.org/sounds/uploaded/UZXDJEAXMH/ffts/XC261695-small.png","//www.xeno-canto.org/sounds/uploaded/UZXDJEAXMH/ffts/XC261695-med.png","//www.xeno-canto.org/sounds/uploaded/UZXDJEAXMH/ffts/XC261695-large.png","//www.xeno-canto.org/sounds/uploaded/UZXDJEAXMH/ffts/XC261695-full.png","0:15","2015-07-19","","<a href=http://johnvmoorenaturerecordings.com/pubs/ECUAD/main.htm>Moore et al. 2013: Bird Sounds of Ecuador DVD </a>","unknown","no",NA,NA,NA,NA,NA,NA,NA,NA
"261694","Phaethornis","yaruqui","","White-whiskered Hermit","Olaf Jahn","Ecuador","Esmeraldas: Awacachi Biological Corridor, Río Bogotá area","1.064","-78.681","flight calls, song, take-off calls","//www.xeno-canto.org/261694/download","//creativecommons.org/licenses/by-nc-sa/4.0/","//www.xeno-canto.org/261694","A","?","2009-09-00","100","//www.xeno-canto.org/sounds/uploaded/UZXDJEAXMH/ffts/XC261694-small.png","//www.xeno-canto.org/sounds/uploaded/UZXDJEAXMH/ffts/XC261694-med.png","//www.xeno-canto.org/sounds/uploaded/UZXDJEAXMH/ffts/XC261694-large.png","//www.xeno-canto.org/sounds/uploaded/UZXDJEAXMH/ffts/XC261694-full.png","0:18","2015-07-19","","<a href=http://johnvmoorenaturerecordings.com/pubs/ECUAD/main.htm>Moore et al. 2013: Bird Sounds of Ecuador DVD </a>","unknown","no",NA,NA,NA,NA,NA,NA,NA,NA
"261693","Phaethornis","yaruqui","","White-whiskered Hermit","Olaf Jahn","Ecuador","Esmeraldas: Playa de Oro, foothill zone ca. 7 km E of village, Río Santiago","0.867","-78.733","flight calls","//www.xeno-canto.org/261693/download","//creativecommons.org/licenses/by-nc-sa/4.0/","//www.xeno-canto.org/261693","A","?","1997-09-16","350","//www.xeno-canto.org/sounds/uploaded/UZXDJEAXMH/ffts/XC261693-small.png","//www.xeno-canto.org/sounds/uploaded/UZXDJEAXMH/ffts/XC261693-med.png","//www.xeno-canto.org/sounds/uploaded/UZXDJEAXMH/ffts/XC261693-large.png","//www.xeno-canto.org/sounds/uploaded/UZXDJEAXMH/ffts/XC261693-full.png","0:14","2015-07-19","","<a href=http://johnvmoorenaturerecordings.com/pubs/ECUAD/main.htm>Moore et al. 2013: Bird Sounds of Ecuador DVD </a>Looped once","unknown","no",NA,NA,NA,NA,NA,NA,NA,NA
"261692","Phaethornis","yaruqui","","White-whiskered Hermit","Olaf Jahn","Ecuador","Esmeraldas: Playa de Oro, foothill zone ca. 7 km E of village, Río Santiago","0.867","-78.733","flight calls","//www.xeno-canto.org/261692/download","//creativecommons.org/licenses/by-nc-sa/4.0/","//www.xeno-canto.org/261692","A","?","1997-03-08","60","//www.xeno-canto.org/sounds/uploaded/UZXDJEAXMH/ffts/XC261692-small.png","//www.xeno-canto.org/sounds/uploaded/UZXDJEAXMH/ffts/XC261692-med.png","//www.xeno-canto.org/sounds/uploaded/UZXDJEAXMH/ffts/XC261692-large.png","//www.xeno-canto.org/sounds/uploaded/UZXDJEAXMH/ffts/XC261692-full.png","0:10","2015-07-19","","<a href=http://johnvmoorenaturerecordings.com/pubs/ECUAD/main.htm>Moore et al. 2013: Bird Sounds of Ecuador DVD </a>","unknown","no",NA,NA,NA,NA,NA,NA,NA,NA
"261691","Phaethornis","yaruqui","","White-whiskered Hermit","Olaf Jahn","Ecuador","Esmeraldas: Awacachi Biological Corridor, Río Tululví area","1.033","-78.603","perch calls, take-off calls","//www.xeno-canto.org/261691/download","//creativecommons.org/licenses/by-nc-sa/4.0/","//www.xeno-canto.org/261691","A","?","2009-09-00","320","//www.xeno-canto.org/sounds/uploaded/UZXDJEAXMH/ffts/XC261691-small.png","//www.xeno-canto.org/sounds/uploaded/UZXDJEAXMH/ffts/XC261691-med.png","//www.xeno-canto.org/sounds/uploaded/UZXDJEAXMH/ffts/XC261691-large.png","//www.xeno-canto.org/sounds/uploaded/UZXDJEAXMH/ffts/XC261691-full.png","0:15","2015-07-19","","<a href=http://johnvmoorenaturerecordings.com/pubs/ECUAD/main.htm>Moore et al. 2013: Bird Sounds of Ecuador DVD </a>","unknown","no",NA,NA,NA,NA,NA,NA,NA,NA
"261690","Phaethornis","yaruqui","","White-whiskered Hermit","Olaf Jahn","Ecuador","Esmeraldas: Playa de Oro, foothill zone ca. 7 km E of village, Río Santiago","0.867","-78.733","""subsong""","//www.xeno-canto.org/261690/download","//creativecommons.org/licenses/by-nc-sa/4.0/","//www.xeno-canto.org/261690","A","?","1997-06-03","60","//www.xeno-canto.org/sounds/uploaded/UZXDJEAXMH/ffts/XC261690-small.png","//www.xeno-canto.org/sounds/uploaded/UZXDJEAXMH/ffts/XC261690-med.png","//www.xeno-canto.org/sounds/uploaded/UZXDJEAXMH/ffts/XC261690-large.png","//www.xeno-canto.org/sounds/uploaded/UZXDJEAXMH/ffts/XC261690-full.png","0:34","2015-07-19","Cercomacroides tyrannina","<a href=http://johnvmoorenaturerecordings.com/pubs/ECUAD/main.htm>Moore et al. 2013: Bird Sounds of Ecuador DVD </a>","unknown","no",NA,NA,NA,NA,NA,NA,NA,NA
"261689","Phaethornis","yaruqui","","White-whiskered Hermit","Olaf Jahn","Ecuador","Esmeraldas: Trinidad, Rio Cayapas","0.85","-78.95","chase calls at lek","//www.xeno-canto.org/261689/download","//creativecommons.org/licenses/by-nc-sa/4.0/","//www.xeno-canto.org/261689","A","?","2005-11-00","40","//www.xeno-canto.org/sounds/uploaded/UZXDJEAXMH/ffts/XC261689-small.png","//www.xeno-canto.org/sounds/uploaded/UZXDJEAXMH/ffts/XC261689-med.png","//www.xeno-canto.org/sounds/uploaded/UZXDJEAXMH/ffts/XC261689-large.png","//www.xeno-canto.org/sounds/uploaded/UZXDJEAXMH/ffts/XC261689-full.png","0:12","2015-07-19","Patagioenas subvinacea","<a href=http://johnvmoorenaturerecordings.com/pubs/ECUAD/main.htm>Moore et al. 2013: Bird Sounds of Ecuador DVD </a>","unknown","no",NA,NA,NA,NA,NA,NA,NA,NA
"261688","Phaethornis","yaruqui","","White-whiskered Hermit","Olaf Jahn","Ecuador","Esmeraldas: Awacachi Biological Corridor, Río Bogotá area","1.064","-78.681","agitated song, calls, and wing beats at a lek","//www.xeno-canto.org/261688/download","//creativecommons.org/licenses/by-nc-sa/4.0/","//www.xeno-canto.org/261688","A","?","2009-09-00","100","//www.xeno-canto.org/sounds/uploaded/UZXDJEAXMH/ffts/XC261688-small.png","//www.xeno-canto.org/sounds/uploaded/UZXDJEAXMH/ffts/XC261688-med.png","//www.xeno-canto.org/sounds/uploaded/UZXDJEAXMH/ffts/XC261688-large.png","//www.xeno-canto.org/sounds/uploaded/UZXDJEAXMH/ffts/XC261688-full.png","0:19","2015-07-19","","<a href=http://johnvmoorenaturerecordings.com/pubs/ECUAD/main.htm>Moore et al. 2013: Bird Sounds of Ecuador DVD </a>","unknown","no",NA,NA,NA,NA,NA,NA,NA,NA
"261687","Phaethornis","yaruqui","","White-whiskered Hermit","Olaf Jahn","Ecuador","Esmeraldas: Agua Blanca, Río Chimbagal","0.733","-78.95","agitated flight calls at lek","//www.xeno-canto.org/261687/download","//creativecommons.org/licenses/by-nc-sa/4.0/","//www.xeno-canto.org/261687","A","?","2001-05-23","90","//www.xeno-canto.org/sounds/uploaded/UZXDJEAXMH/ffts/XC261687-small.png","//www.xeno-canto.org/sounds/uploaded/UZXDJEAXMH/ffts/XC261687-med.png","//www.xeno-canto.org/sounds/uploaded/UZXDJEAXMH/ffts/XC261687-large.png","//www.xeno-canto.org/sounds/uploaded/UZXDJEAXMH/ffts/XC261687-full.png","0:12","2015-07-19","","<a href=http://johnvmoorenaturerecordings.com/pubs/ECUAD/main.htm>Moore et al. 2013: Bird Sounds of Ecuador DVD </a>Looped once","unknown","no",NA,NA,NA,NA,NA,NA,NA,NA
"261686","Phaethornis","yaruqui","","White-whiskered Hermit","Olaf Jahn","Ecuador","Esmeraldas: Tsejpi, Río Zapallo","0.8","-78.833","song, calls, wing noise","//www.xeno-canto.org/261686/download","//creativecommons.org/licenses/by-nc-sa/4.0/","//www.xeno-canto.org/261686","A","?","1998-07-04","150","//www.xeno-canto.org/sounds/uploaded/UZXDJEAXMH/ffts/XC261686-small.png","//www.xeno-canto.org/sounds/uploaded/UZXDJEAXMH/ffts/XC261686-med.png","//www.xeno-canto.org/sounds/uploaded/UZXDJEAXMH/ffts/XC261686-large.png","//www.xeno-canto.org/sounds/uploaded/UZXDJEAXMH/ffts/XC261686-full.png","0:29","2015-07-19",NA,"<a href=http://johnvmoorenaturerecordings.com/pubs/ECUAD/main.htm>Moore et al. 2013: Bird Sounds of Ecuador DVD </a>","unknown","no","Amazona farinosa","Tachyphonus delatrii",NA,NA,NA,NA,NA,NA
"261685","Phaethornis","yaruqui","","White-whiskered Hermit","Olaf Jahn","Ecuador","Esmeraldas: Playa de Oro, foothill zone ca. 7 km E of village, Río Santiago","0.867","-78.733","song at lek","//www.xeno-canto.org/261685/download","//creativecommons.org/licenses/by-nc-sa/4.0/","//www.xeno-canto.org/261685","A","?","1997-02-24","150","//www.xeno-canto.org/sounds/uploaded/UZXDJEAXMH/ffts/XC261685-small.png","//www.xeno-canto.org/sounds/uploaded/UZXDJEAXMH/ffts/XC261685-med.png","//www.xeno-canto.org/sounds/uploaded/UZXDJEAXMH/ffts/XC261685-large.png","//www.xeno-canto.org/sounds/uploaded/UZXDJEAXMH/ffts/XC261685-full.png","0:20","2015-07-19","Amazona farinosa","<a href=http://johnvmoorenaturerecordings.com/pubs/ECUAD/main.htm>Moore et al. 2013: Bird Sounds of Ecuador DVD </a>","unknown","no",NA,NA,NA,NA,NA,NA,NA,NA
"251332","Phaethornis","yaruqui","","White-whiskered Hermit","Niels Krabbe","Ecuador","El Oro: Reserva Buenaventura 9 km WNW Piñas","-3.654","-79.753","song","//www.xeno-canto.org/251332/download","//creativecommons.org/licenses/by-sa/4.0/","//www.xeno-canto.org/251332","A","09:30","2008-01-18","500","//www.xeno-canto.org/sounds/uploaded/XTVEPHMPPJ/ffts/XC251332-small.png","//www.xeno-canto.org/sounds/uploaded/XTVEPHMPPJ/ffts/XC251332-med.png","//www.xeno-canto.org/sounds/uploaded/XTVEPHMPPJ/ffts/XC251332-large.png","//www.xeno-canto.org/sounds/uploaded/XTVEPHMPPJ/ffts/XC251332-full.png","0:47","2015-06-07","Cyphorhinus phaeocephalus","Humid secondary forest","yes","no",NA,NA,NA,NA,NA,NA,NA,NA
"241487","Phaethornis","yaruqui","","White-whiskered Hermit","Oscar Humberto Marín Gómez","Colombia","Reserva Natural río Ñambí, Vereda el Barro, Altaquer, Barbacoas, Nariño.","1.3001","-78.0834","song, lek","//www.xeno-canto.org/241487/download","//creativecommons.org/licenses/by-nc-sa/3.0/","//www.xeno-canto.org/241487","A","08:41","2014-01-28","1300","//www.xeno-canto.org/sounds/uploaded/CSUHASNRSU/ffts/XC241487-small.png","//www.xeno-canto.org/sounds/uploaded/CSUHASNRSU/ffts/XC241487-med.png","//www.xeno-canto.org/sounds/uploaded/CSUHASNRSU/ffts/XC241487-large.png","//www.xeno-canto.org/sounds/uploaded/CSUHASNRSU/ffts/XC241487-full.png","3:03","2015-05-13","","Another bird in lek, perched near to the ground and Heliconia patches Distance: 20 m to mic. ID accurancy: 100%. Habitat: Low montane rain forest. Code: NAMBI _1521.  TASCAM DR 100 MKII with Sennheiser ME 66.","yes","no",NA,NA,NA,NA,NA,NA,NA,NA
"241485","Phaethornis","yaruqui","","White-whiskered Hermit","Oscar Humberto Marín Gómez","Colombia","Reserva Natural río Ñambí, Vereda el Barro, Altaquer, Barbacoas, Nariño.","1.3001","-78.0834","song, lek","//www.xeno-canto.org/241485/download","//creativecommons.org/licenses/by-nc-sa/3.0/","//www.xeno-canto.org/241485","A","08:40","2014-01-28","1300","//www.xeno-canto.org/sounds/uploaded/CSUHASNRSU/ffts/XC241485-small.png","//www.xeno-canto.org/sounds/uploaded/CSUHASNRSU/ffts/XC241485-med.png","//www.xeno-canto.org/sounds/uploaded/CSUHASNRSU/ffts/XC241485-large.png","//www.xeno-canto.org/sounds/uploaded/CSUHASNRSU/ffts/XC241485-full.png","3:22","2015-05-13","","One bird in lek, perched near to the ground. Distance: 7 m to mic. ID accurancy: 100%. Habitat: Low montane rain forest. Code: NAMBI _1519.  TASCAM DR 100 MKII with Sennheiser ME 66.","yes","no",NA,NA,NA,NA,NA,NA,NA,NA
"241344","Phaethornis","yaruqui","","White-whiskered Hermit","Oscar Humberto Marín Gómez","Colombia","Reserva Natural río Ñambí, Vereda el Barro, Altaquer, Barbacoas, Nariño.","1.3001","-78.0834","song, lek","//www.xeno-canto.org/241344/download","//creativecommons.org/licenses/by-nc-sa/3.0/","//www.xeno-canto.org/241344","A","08:27","2014-01-27","1150","//www.xeno-canto.org/sounds/uploaded/CSUHASNRSU/ffts/XC241344-small.png","//www.xeno-canto.org/sounds/uploaded/CSUHASNRSU/ffts/XC241344-med.png","//www.xeno-canto.org/sounds/uploaded/CSUHASNRSU/ffts/XC241344-large.png","//www.xeno-canto.org/sounds/uploaded/CSUHASNRSU/ffts/XC241344-full.png","2:29","2015-05-12","Grallaria flavotincta","Onebird in lek, perched near to the ground, moving the tail and raising the bill showing the red jaw. Distance: 4 m to mic. ID accurancy: 100%. Habitat: Low montane rain forest. Code: NAMBI _1470.  TASCAM DR 100 MKII with Sennheiser ME 66.","yes","no",NA,NA,NA,NA,NA,NA,NA,NA
"238815","Phaethornis","yaruqui","","White-whiskered Hermit","Niels Krabbe","Ecuador","El Oro: Daucay","-3.491","-79.748","Call, flight call","//www.xeno-canto.org/238815/download","//creativecommons.org/licenses/by-nc-sa/3.0/","//www.xeno-canto.org/238815","A","6:21","1993-04-18","600","//www.xeno-canto.org/sounds/uploaded/XTVEPHMPPJ/ffts/XC238815-small.png","//www.xeno-canto.org/sounds/uploaded/XTVEPHMPPJ/ffts/XC238815-med.png","//www.xeno-canto.org/sounds/uploaded/XTVEPHMPPJ/ffts/XC238815-large.png","//www.xeno-canto.org/sounds/uploaded/XTVEPHMPPJ/ffts/XC238815-full.png","1:15","2015-05-01","","Perched, at end of cut in flight. Mosaic of humid-wet pasture and selectively logged forest. Reference: LXVIIIB 107-123 (Phayar4). Krabbe & Nilsson (2003) (ISBN 90-75838-06-9).","yes","no",NA,NA,NA,NA,NA,NA,NA,NA
"238813","Phaethornis","yaruqui","","White-whiskered Hermit","Niels Krabbe","Ecuador","Pichincha: Maquipucuna at 1350 m","0.117","-78.629","call from perch","//www.xeno-canto.org/238813/download","//creativecommons.org/licenses/by-nc-sa/3.0/","//www.xeno-canto.org/238813","A","9:10","1993-03-30","1350","//www.xeno-canto.org/sounds/uploaded/XTVEPHMPPJ/ffts/XC238813-small.png","//www.xeno-canto.org/sounds/uploaded/XTVEPHMPPJ/ffts/XC238813-med.png","//www.xeno-canto.org/sounds/uploaded/XTVEPHMPPJ/ffts/XC238813-large.png","//www.xeno-canto.org/sounds/uploaded/XTVEPHMPPJ/ffts/XC238813-full.png","0:08","2015-05-01","","Humid secondary forest and scrub. Reference: LXVIIIA 45-47 (Phayar2). Krabbe & Nilsson (2003) (ISBN 90-75838-06-9).","yes","no",NA,NA,NA,NA,NA,NA,NA,NA
"238812","Phaethornis","yaruqui","","White-whiskered Hermit","Niels Krabbe","Ecuador","Los Ríos: 'Río Palenque Science Center'","-0.593","-79.363","song","//www.xeno-canto.org/238812/download","//creativecommons.org/licenses/by-nc-sa/3.0/","//www.xeno-canto.org/238812","A","7:30","1992-09-18","300","//www.xeno-canto.org/sounds/uploaded/XTVEPHMPPJ/ffts/XC238812-small.png","//www.xeno-canto.org/sounds/uploaded/XTVEPHMPPJ/ffts/XC238812-med.png","//www.xeno-canto.org/sounds/uploaded/XTVEPHMPPJ/ffts/XC238812-large.png","//www.xeno-canto.org/sounds/uploaded/XTVEPHMPPJ/ffts/XC238812-full.png","0:37","2015-05-01","","Humid lowland rainforest. Reference: LVIIB 317-320, -327 (Phayar1). Krabbe & Nilsson (2003) (ISBN 90-75838-06-9).","yes","no",NA,NA,NA,NA,NA,NA,NA,NA
"214317","Phaethornis","yaruqui","","White-whiskered Hermit","Jerome Fischer","Ecuador","Un Poco del Choco, Pichincha","0.0736","-78.7685","flight call","//www.xeno-canto.org/214317/download","//creativecommons.org/licenses/by-nc-sa/4.0/","//www.xeno-canto.org/214317","A","09:00","2015-02-17","1000","//www.xeno-canto.org/sounds/uploaded/JPBSNBUUEF/ffts/XC214317-small.png","//www.xeno-canto.org/sounds/uploaded/JPBSNBUUEF/ffts/XC214317-med.png","//www.xeno-canto.org/sounds/uploaded/JPBSNBUUEF/ffts/XC214317-large.png","//www.xeno-canto.org/sounds/uploaded/JPBSNBUUEF/ffts/XC214317-full.png","0:04","2015-02-21","","","yes","no",NA,NA,NA,NA,NA,NA,NA,NA
"140760","Phaethornis","yaruqui","","White-whiskered Hermit","Nick Athanas","Colombia","Ecolodge El Almejal","6.1133","-77.4336","song","//www.xeno-canto.org/140760/download","//creativecommons.org/licenses/by-nc-sa/3.0/","//www.xeno-canto.org/140760","A","08:04","2013-06-13","120","//www.xeno-canto.org/sounds/uploaded/XRABICUARW/ffts/XC140760-small.png","//www.xeno-canto.org/sounds/uploaded/XRABICUARW/ffts/XC140760-med.png","//www.xeno-canto.org/sounds/uploaded/XRABICUARW/ffts/XC140760-large.png","//www.xeno-canto.org/sounds/uploaded/XRABICUARW/ffts/XC140760-full.png","1:28","2013-06-30","Tinamus major","Recorded at a lek, at least three birds were present.","yes","no",NA,NA,NA,NA,NA,NA,NA,NA
"85528","Phaethornis","yaruqui","","White-whiskered Hermit","Andrew Spencer","Ecuador","Trail to the Rio Mira 4 km. west of Alto Tambo, Esmeraldas","0.9562","-78.5484","lekking","//www.xeno-canto.org/85528/download","//creativecommons.org/licenses/by-nc-nd/2.5/","//www.xeno-canto.org/85528","A","06:30","2011-07-30","680","//www.xeno-canto.org/sounds/uploaded/CDTGHVBGZP/ffts/XC85528-small.png","//www.xeno-canto.org/sounds/uploaded/CDTGHVBGZP/ffts/XC85528-med.png","//www.xeno-canto.org/sounds/uploaded/CDTGHVBGZP/ffts/XC85528-large.png","//www.xeno-canto.org/sounds/uploaded/CDTGHVBGZP/ffts/XC85528-full.png","0:21","2011-08-04","","natural vocalization","unknown","unknown",NA,NA,NA,NA,NA,NA,NA,NA
"499950","Phaethornis","yaruqui","","White-whiskered Hermit","Niels Krabbe","Ecuador","Pichincha: Río Guaycuyacu","0.217","-78.89","call from perch","//www.xeno-canto.org/499950/download","//creativecommons.org/licenses/by-nc-sa/4.0/","//www.xeno-canto.org/499950","B","09:30","2019-09-27","550","//www.xeno-canto.org/sounds/uploaded/XTVEPHMPPJ/ffts/XC499950-small.png","//www.xeno-canto.org/sounds/uploaded/XTVEPHMPPJ/ffts/XC499950-med.png","//www.xeno-canto.org/sounds/uploaded/XTVEPHMPPJ/ffts/XC499950-large.png","//www.xeno-canto.org/sounds/uploaded/XTVEPHMPPJ/ffts/XC499950-full.png","0:13","2019-09-29","","","yes","no",NA,NA,NA,NA,NA,NA,NA,NA
"499944","Phaethornis","yaruqui","","White-whiskered Hermit","Niels Krabbe","Ecuador","Pichincha: Río Guaycuyacu","0.217","-78.89","call","//www.xeno-canto.org/499944/download","//creativecommons.org/licenses/by-nc-sa/4.0/","//www.xeno-canto.org/499944","B","10:30","2019-09-25","550","//www.xeno-canto.org/sounds/uploaded/XTVEPHMPPJ/ffts/XC499944-small.png","//www.xeno-canto.org/sounds/uploaded/XTVEPHMPPJ/ffts/XC499944-med.png","//www.xeno-canto.org/sounds/uploaded/XTVEPHMPPJ/ffts/XC499944-large.png","//www.xeno-canto.org/sounds/uploaded/XTVEPHMPPJ/ffts/XC499944-full.png","0:10","2019-09-29","","From perch","yes","no",NA,NA,NA,NA,NA,NA,NA,NA
"277164","Phaethornis","yaruqui","","White-whiskered Hermit","Niels Poul Dreyer","Ecuador","Esmeraldas: Mache-Chindul Hills: Estación Biológica Jatun Sacha Bilsa","0.346","-79.709","call, song","//www.xeno-canto.org/277164/download","//creativecommons.org/licenses/by-nc-sa/4.0/","//www.xeno-canto.org/277164","B","10:00","1999-10-20","550","//www.xeno-canto.org/sounds/uploaded/YIQSVPAMDQ/ffts/XC277164-small.png","//www.xeno-canto.org/sounds/uploaded/YIQSVPAMDQ/ffts/XC277164-med.png","//www.xeno-canto.org/sounds/uploaded/YIQSVPAMDQ/ffts/XC277164-large.png","//www.xeno-canto.org/sounds/uploaded/YIQSVPAMDQ/ffts/XC277164-full.png","0:18","2015-08-31","","","yes","unknown",NA,NA,NA,NA,NA,NA,NA,NA
"276363","Phaethornis","yaruqui","","White-whiskered Hermit","Jonas Nilsson","Ecuador","Esmeraldas: Mache-Chindul Hills: Estación Biológica Jatun Sacha Bilsa","0.346","-79.709","song","//www.xeno-canto.org/276363/download","//creativecommons.org/licenses/by-nc-sa/4.0/","//www.xeno-canto.org/276363","B","15:45","1997-02-10","600","//www.xeno-canto.org/sounds/uploaded/GTTLRDCZWR/ffts/XC276363-small.png","//www.xeno-canto.org/sounds/uploaded/GTTLRDCZWR/ffts/XC276363-med.png","//www.xeno-canto.org/sounds/uploaded/GTTLRDCZWR/ffts/XC276363-large.png","//www.xeno-canto.org/sounds/uploaded/GTTLRDCZWR/ffts/XC276363-full.png","0:42","2015-08-28","","Humid forest. Reference: JN1. Krabbe & Nilsson (2003) (ISBN 90-75838-06-9).","yes","no",NA,NA,NA,NA,NA,NA,NA,NA
"251331","Phaethornis","yaruqui","","White-whiskered Hermit","Niels Krabbe","Ecuador","Esmeraldas: Canandé","0.533","-79.217","call","//www.xeno-canto.org/251331/download","//creativecommons.org/licenses/by-sa/4.0/","//www.xeno-canto.org/251331","B","14:00","2007-03-24","350","//www.xeno-canto.org/sounds/uploaded/XTVEPHMPPJ/ffts/XC251331-small.png","//www.xeno-canto.org/sounds/uploaded/XTVEPHMPPJ/ffts/XC251331-med.png","//www.xeno-canto.org/sounds/uploaded/XTVEPHMPPJ/ffts/XC251331-large.png","//www.xeno-canto.org/sounds/uploaded/XTVEPHMPPJ/ffts/XC251331-full.png","0:15","2015-06-07","","At a feeder. Clearing in humid forest","yes","no",NA,NA,NA,NA,NA,NA,NA,NA
"241506","Phaethornis","yaruqui","","White-whiskered Hermit","Oscar Humberto Marín Gómez","Colombia","Reserva Natural río Ñambí, Vereda el Barro, Altaquer, Barbacoas, Nariño.","1.3001","-78.0834","song, lek","//www.xeno-canto.org/241506/download","//creativecommons.org/licenses/by-nc-sa/3.0/","//www.xeno-canto.org/241506","B","16:55","2014-01-30","1100","//www.xeno-canto.org/sounds/uploaded/CSUHASNRSU/ffts/XC241506-small.png","//www.xeno-canto.org/sounds/uploaded/CSUHASNRSU/ffts/XC241506-med.png","//www.xeno-canto.org/sounds/uploaded/CSUHASNRSU/ffts/XC241506-large.png","//www.xeno-canto.org/sounds/uploaded/CSUHASNRSU/ffts/XC241506-full.png","3:19","2015-05-13","Schiffornis veraepacis","In lek. Distance: 6 m to mic. ID accurancy: 100%. Habitat: Low montane rain forest. Code: NAMBI _1560.  TASCAM DR 100 MKII with Sennheiser ME 66.","no","no",NA,NA,NA,NA,NA,NA,NA,NA
"241505","Phaethornis","yaruqui","","White-whiskered Hermit","Oscar Humberto Marín Gómez","Colombia","Reserva Natural río Ñambí, Vereda el Barro, Altaquer, Barbacoas, Nariño.","1.3001","-78.0834","song, lek","//www.xeno-canto.org/241505/download","//creativecommons.org/licenses/by-nc-sa/3.0/","//www.xeno-canto.org/241505","B","16:52","2014-01-30","1100","//www.xeno-canto.org/sounds/uploaded/CSUHASNRSU/ffts/XC241505-small.png","//www.xeno-canto.org/sounds/uploaded/CSUHASNRSU/ffts/XC241505-med.png","//www.xeno-canto.org/sounds/uploaded/CSUHASNRSU/ffts/XC241505-large.png","//www.xeno-canto.org/sounds/uploaded/CSUHASNRSU/ffts/XC241505-full.png","3:10","2015-05-13",NA,"In lek. Distance: 7 m to mic. ID accurancy: 100%. Habitat: Low montane rain forest. Code: NAMBI _1559.  TASCAM DR 100 MKII with Sennheiser ME 66.","yes","no","Schiffornis veraepacis","Electron platyrhynchum",NA,NA,NA,NA,NA,NA
"241486","Phaethornis","yaruqui","","White-whiskered Hermit","Oscar Humberto Marín Gómez","Colombia","Reserva Natural río Ñambí, Vereda el Barro, Altaquer, Barbacoas, Nariño.","1.3001","-78.0834","song, lek","//www.xeno-canto.org/241486/download","//creativecommons.org/licenses/by-nc-sa/3.0/","//www.xeno-canto.org/241486","B","08:41","2014-01-28","1300","//www.xeno-canto.org/sounds/uploaded/CSUHASNRSU/ffts/XC241486-small.png","//www.xeno-canto.org/sounds/uploaded/CSUHASNRSU/ffts/XC241486-med.png","//www.xeno-canto.org/sounds/uploaded/CSUHASNRSU/ffts/XC241486-large.png","//www.xeno-canto.org/sounds/uploaded/CSUHASNRSU/ffts/XC241486-full.png","0:56","2015-05-13","","Another bird in lek, perched near to the ground and Heliconia patches. Distance: 10 m to mic. ID accurancy: 100%. Habitat: Low montane rain forest. Code: NAMBI _1520.  TASCAM DR 100 MKII with Sennheiser ME 66.","yes","no",NA,NA,NA,NA,NA,NA,NA,NA
"241343","Phaethornis","yaruqui","","White-whiskered Hermit","Oscar Humberto Marín Gómez","Colombia","Reserva Natural río Ñambí, Vereda el Barro, Altaquer, Barbacoas, Nariño.","1.3001","-78.0834","song, lek","//www.xeno-canto.org/241343/download","//creativecommons.org/licenses/by-nc-sa/3.0/","//www.xeno-canto.org/241343","B","08:24","2014-01-27","1150","//www.xeno-canto.org/sounds/uploaded/CSUHASNRSU/ffts/XC241343-small.png","//www.xeno-canto.org/sounds/uploaded/CSUHASNRSU/ffts/XC241343-med.png","//www.xeno-canto.org/sounds/uploaded/CSUHASNRSU/ffts/XC241343-large.png","//www.xeno-canto.org/sounds/uploaded/CSUHASNRSU/ffts/XC241343-full.png","0:58","2015-05-12",NA,"Another bird perched near to the ground in Calathea understory. Distance: 20 m to mic. ID accurancy: 100%. Habitat: Low montane rain forest. Code: NAMBI _1469.  TASCAM DR 100 MKII with Sennheiser ME 66.","yes","no","Grallaria flavotincta","Ramphastos brevis",NA,NA,NA,NA,NA,NA
"238816","Phaethornis","yaruqui","","White-whiskered Hermit","Niels Krabbe","Ecuador","Pichincha: Río Pitsara and ridge 1 km NE Hda Francisco Rodríguez (=Asociación Calvas)","0.117","-78.983","song","//www.xeno-canto.org/238816/download","//creativecommons.org/licenses/by-nc-sa/3.0/","//www.xeno-canto.org/238816","B","10:30","1994-11-20","650","//www.xeno-canto.org/sounds/uploaded/XTVEPHMPPJ/ffts/XC238816-small.png","//www.xeno-canto.org/sounds/uploaded/XTVEPHMPPJ/ffts/XC238816-med.png","//www.xeno-canto.org/sounds/uploaded/XTVEPHMPPJ/ffts/XC238816-large.png","//www.xeno-canto.org/sounds/uploaded/XTVEPHMPPJ/ffts/XC238816-full.png","0:32","2015-05-01","","Perched. Selectively logged humid forest. Reference: XCIIIA 130-137 (Phayar5). Krabbe & Nilsson (2003) (ISBN 90-75838-06-9).","yes","no",NA,NA,NA,NA,NA,NA,NA,NA
"238814","Phaethornis","yaruqui","","White-whiskered Hermit","Niels Krabbe","Ecuador","El Oro: Daucay","-3.491","-79.748","Call","//www.xeno-canto.org/238814/download","//creativecommons.org/licenses/by-nc-sa/3.0/","//www.xeno-canto.org/238814","B","6:15","1993-04-18","600","//www.xeno-canto.org/sounds/uploaded/XTVEPHMPPJ/ffts/XC238814-small.png","//www.xeno-canto.org/sounds/uploaded/XTVEPHMPPJ/ffts/XC238814-med.png","//www.xeno-canto.org/sounds/uploaded/XTVEPHMPPJ/ffts/XC238814-large.png","//www.xeno-canto.org/sounds/uploaded/XTVEPHMPPJ/ffts/XC238814-full.png","0:23","2015-05-01","","Mosaic of humid-wet pasture and selectively logged forest. Reference: LXVIIIB 95-99 (Phayar3). Krabbe & Nilsson (2003) (ISBN 90-75838-06-9).","yes","no",NA,NA,NA,NA,NA,NA,NA,NA
"186804","Phaethornis","yaruqui","","White-whiskered Hermit","GABRIEL LEITE","Ecuador","Distrito Metropolitano de Quito, Pichincha","0.0591","-78.7679","flight call","//www.xeno-canto.org/186804/download","//creativecommons.org/licenses/by-nc-sa/4.0/","//www.xeno-canto.org/186804","B","07:30","2014-07-08","1900","//www.xeno-canto.org/sounds/uploaded/TGBFXDVERJ/ffts/XC186804-small.png","//www.xeno-canto.org/sounds/uploaded/TGBFXDVERJ/ffts/XC186804-med.png","//www.xeno-canto.org/sounds/uploaded/TGBFXDVERJ/ffts/XC186804-large.png","//www.xeno-canto.org/sounds/uploaded/TGBFXDVERJ/ffts/XC186804-full.png","0:06","2014-07-14","","","yes","no",NA,NA,NA,NA,NA,NA,NA,NA
"168614","Phaethornis","yaruqui","","White-whiskered Hermit","Martin St-Michel","Ecuador","Reserva Las Tangaras, Mindo, Pichincha","-0.081","-78.7679","flight call","//www.xeno-canto.org/168614/download","//creativecommons.org/licenses/by-nc-sa/3.0/","//www.xeno-canto.org/168614","B","14:03","2013-12-11","1400","//www.xeno-canto.org/sounds/uploaded/WOPIRNCCSX/ffts/XC168614-small.png","//www.xeno-canto.org/sounds/uploaded/WOPIRNCCSX/ffts/XC168614-med.png","//www.xeno-canto.org/sounds/uploaded/WOPIRNCCSX/ffts/XC168614-large.png","//www.xeno-canto.org/sounds/uploaded/WOPIRNCCSX/ffts/XC168614-full.png","0:04","2014-03-03","","Habitat: feeder, riparian, secondary forest.","yes","no",NA,NA,NA,NA,NA,NA,NA,NA
"165378","Phaethornis","yaruqui","","White-whiskered Hermit","katherine C Cubillos","Colombia","Bajo Calima, Valle del Cuaca ","3.9057","-76.667","Estreptognatismo, male","//www.xeno-canto.org/165378/download","//creativecommons.org/licenses/by-nc-sa/3.0/","//www.xeno-canto.org/165378","B","07:30","2013-11-13","70","//www.xeno-canto.org/sounds/uploaded/SKLCUGTMAU/ffts/XC165378-small.png","//www.xeno-canto.org/sounds/uploaded/SKLCUGTMAU/ffts/XC165378-med.png","//www.xeno-canto.org/sounds/uploaded/SKLCUGTMAU/ffts/XC165378-large.png","//www.xeno-canto.org/sounds/uploaded/SKLCUGTMAU/ffts/XC165378-full.png","0:30","2014-01-25","","","yes","no",NA,NA,NA,NA,NA,NA,NA,NA
"163537","Phaethornis","yaruqui","","White-whiskered Hermit","Martin St-Michel","Ecuador","Reserva Las Tangaras, Mindo, Pichincha","-0.081","-78.7679","flight call, male","//www.xeno-canto.org/163537/download","//creativecommons.org/licenses/by-nc-sa/3.0/","//www.xeno-canto.org/163537","B","13:55","2013-12-11","1400","//www.xeno-canto.org/sounds/uploaded/WOPIRNCCSX/ffts/XC163537-small.png","//www.xeno-canto.org/sounds/uploaded/WOPIRNCCSX/ffts/XC163537-med.png","//www.xeno-canto.org/sounds/uploaded/WOPIRNCCSX/ffts/XC163537-large.png","//www.xeno-canto.org/sounds/uploaded/WOPIRNCCSX/ffts/XC163537-full.png","0:04","2014-01-06","","One individual calling once upon arrival at feeder. Habitat: feeder, riparian, second growth.","yes","no",NA,NA,NA,NA,NA,NA,NA,NA
"128027","Phaethornis","yaruqui","","White-whiskered Hermit","Jerome Fischer","Ecuador","Distrito Metropolitano de Quito, Pichincha","0.104","-78.6003","song","//www.xeno-canto.org/128027/download","//creativecommons.org/licenses/by-nc-sa/3.0/","//www.xeno-canto.org/128027","B","09:30","2013-01-25","1600","//www.xeno-canto.org/sounds/uploaded/JPBSNBUUEF/ffts/XC128027-small.png","//www.xeno-canto.org/sounds/uploaded/JPBSNBUUEF/ffts/XC128027-med.png","//www.xeno-canto.org/sounds/uploaded/JPBSNBUUEF/ffts/XC128027-large.png","//www.xeno-canto.org/sounds/uploaded/JPBSNBUUEF/ffts/XC128027-full.png","0:38","2013-03-31","","","yes","no",NA,NA,NA,NA,NA,NA,NA,NA
"71263","Phaethornis","yaruqui","","White-whiskered Hermit","Daniel Lane","Ecuador","17km NW Pedro Vicente Maldonado, Pichincha","0.136","-79.134","song","//www.xeno-canto.org/71263/download","//creativecommons.org/licenses/by-nc-sa/3.0/","//www.xeno-canto.org/71263","B","07:40","1997-07-16","370","//www.xeno-canto.org/sounds/uploaded/WOEAFQRMUD/ffts/XC71263-small.png","//www.xeno-canto.org/sounds/uploaded/WOEAFQRMUD/ffts/XC71263-med.png","//www.xeno-canto.org/sounds/uploaded/WOEAFQRMUD/ffts/XC71263-large.png","//www.xeno-canto.org/sounds/uploaded/WOEAFQRMUD/ffts/XC71263-full.png","0:47","2011-02-07",NA,"Natural song from dense understory, about 2m up. Tall secondary forest, some drip.","unknown","unknown","Arremon aurantiirostris","Amazona farinosa","Poliocrania exsul",NA,NA,NA,NA,NA
"63856","Phaethornis","yaruqui","","White-whiskered Hermit","Joseph Tobias and Nathalie Seddon","Ecuador","Bilsa Research Station",NA,NA,"song","//www.xeno-canto.org/63856/download","//creativecommons.org/licenses/by-nc-sa/3.0/","//www.xeno-canto.org/63856","B","16:54","2002-10-09","?","//www.xeno-canto.org/sounds/uploaded/IKMWQIXRNV/ffts/XC63856-small.png","//www.xeno-canto.org/sounds/uploaded/IKMWQIXRNV/ffts/XC63856-med.png","//www.xeno-canto.org/sounds/uploaded/IKMWQIXRNV/ffts/XC63856-large.png","//www.xeno-canto.org/sounds/uploaded/IKMWQIXRNV/ffts/XC63856-full.png","0:34","2010-10-15","","Perch height 1 m.  Distance to mike: 5 m. series of songs from single male at a lek. Habitat: Evergreen foothill forest. Ref: EC4B214","unknown","unknown",NA,NA,NA,NA,NA,NA,NA,NA
"20969","Phaethornis","yaruqui","","White-whiskered Hermit","Roger Ahlman","Ecuador","23 km W Lita, Esmeraldas","0.10259","-78.5639","song       ","//www.xeno-canto.org/20969/download","//creativecommons.org/licenses/by-nc-nd/2.5/","//www.xeno-canto.org/20969","B","8:30","2008-06-02","650","//www.xeno-canto.org/sounds/uploaded/EGHCOFEENE/ffts/XC20969-small.png","//www.xeno-canto.org/sounds/uploaded/EGHCOFEENE/ffts/XC20969-med.png","//www.xeno-canto.org/sounds/uploaded/EGHCOFEENE/ffts/XC20969-large.png","//www.xeno-canto.org/sounds/uploaded/EGHCOFEENE/ffts/XC20969-full.png","0:18","2008-11-20","","","unknown","unknown",NA,NA,NA,NA,NA,NA,NA,NA
"16335","Phaethornis","yaruqui","","White-whiskered Hermit","Charlie Vogt","Ecuador","La Perla, 2km S La Concordia, Pichincha","-0.01","-79.38333","lekking","//www.xeno-canto.org/16335/download","//creativecommons.org/licenses/by-nc-nd/2.5/","//www.xeno-canto.org/16335","B","15:00","2000-02-07","400","//www.xeno-canto.org/sounds/uploaded/NYTXYAQSTH/ffts/XC16335-small.png","//www.xeno-canto.org/sounds/uploaded/NYTXYAQSTH/ffts/XC16335-med.png","//www.xeno-canto.org/sounds/uploaded/NYTXYAQSTH/ffts/XC16335-large.png","//www.xeno-canto.org/sounds/uploaded/NYTXYAQSTH/ffts/XC16335-full.png","0:18","2008-11-20","","calling low, bird not seen","unknown","unknown",NA,NA,NA,NA,NA,NA,NA,NA
"11960","Phaethornis","yaruqui","","White-whiskered Hermit","Nick Athanas","Ecuador","Reserva Ecologica Cotacachi-Cayapas, Esmeraldas","0.6923","-78.9095","lekking","//www.xeno-canto.org/11960/download","//creativecommons.org/licenses/by-nc-sa/3.0/","//www.xeno-canto.org/11960","B","12:42","2007-04-02","100","//www.xeno-canto.org/sounds/uploaded/XRABICUARW/ffts/XC11960-small.png","//www.xeno-canto.org/sounds/uploaded/XRABICUARW/ffts/XC11960-med.png","//www.xeno-canto.org/sounds/uploaded/XRABICUARW/ffts/XC11960-large.png","//www.xeno-canto.org/sounds/uploaded/XRABICUARW/ffts/XC11960-full.png","0:25","2008-11-20","","","unknown","unknown",NA,NA,NA,NA,NA,NA,NA,NA
"251333","Phaethornis","yaruqui","","White-whiskered Hermit","Niels Krabbe","Ecuador","Pichincha: Río Guaycuyacu","0.217","-78.89","flight call","//www.xeno-canto.org/251333/download","//creativecommons.org/licenses/by-sa/4.0/","//www.xeno-canto.org/251333","C","07:20","2004-02-23","515","//www.xeno-canto.org/sounds/uploaded/XTVEPHMPPJ/ffts/XC251333-small.png","//www.xeno-canto.org/sounds/uploaded/XTVEPHMPPJ/ffts/XC251333-med.png","//www.xeno-canto.org/sounds/uploaded/XTVEPHMPPJ/ffts/XC251333-large.png","//www.xeno-canto.org/sounds/uploaded/XTVEPHMPPJ/ffts/XC251333-full.png","0:19","2015-06-07","","Edge of humid forest","yes","no",NA,NA,NA,NA,NA,NA,NA,NA
"241342","Phaethornis","yaruqui","","White-whiskered Hermit","Oscar Humberto Marín Gómez","Colombia","Reserva Natural río Ñambí, Vereda el Barro, Altaquer, Barbacoas, Nariño.","1.3001","-78.0834","song, lek","//www.xeno-canto.org/241342/download","//creativecommons.org/licenses/by-nc-sa/3.0/","//www.xeno-canto.org/241342","C","08:22","2014-01-27","1150","//www.xeno-canto.org/sounds/uploaded/CSUHASNRSU/ffts/XC241342-small.png","//www.xeno-canto.org/sounds/uploaded/CSUHASNRSU/ffts/XC241342-med.png","//www.xeno-canto.org/sounds/uploaded/CSUHASNRSU/ffts/XC241342-large.png","//www.xeno-canto.org/sounds/uploaded/CSUHASNRSU/ffts/XC241342-full.png","0:31","2015-05-12","Ramphastos brevis","One bird perched near to the ground in Calathea understory. Distance: 40 m to mic. ID accurancy: 100%. Habitat: Low montane rain forest. Code: NAMBI _1468.  TASCAM DR 100 MKII with Sennheiser ME 66.","yes","no",NA,NA,NA,NA,NA,NA,NA,NA
"71432","Phaethornis","yaruqui","","White-whiskered Hermit","Daniel Lane","Ecuador","30km SE San Lorenzo, Esmeraldas","1.0909","-78.6906","call","//www.xeno-canto.org/71432/download","//creativecommons.org/licenses/by-nc-sa/3.0/","//www.xeno-canto.org/71432","C","11:15","1997-07-25","120","//www.xeno-canto.org/sounds/uploaded/WOEAFQRMUD/ffts/XC71432-small.png","//www.xeno-canto.org/sounds/uploaded/WOEAFQRMUD/ffts/XC71432-med.png","//www.xeno-canto.org/sounds/uploaded/WOEAFQRMUD/ffts/XC71432-large.png","//www.xeno-canto.org/sounds/uploaded/WOEAFQRMUD/ffts/XC71432-full.png","0:07","2011-02-08","","Natural call from unseen bird in understory of distrubed tropical forest.","unknown","unknown",NA,NA,NA,NA,NA,NA,NA,NA
"71264","Phaethornis","yaruqui","","White-whiskered Hermit","Daniel Lane","Ecuador","17km NW Pedro Vicente Maldonado, Pichincha ","0.2578","-79.192","call, song","//www.xeno-canto.org/71264/download","//creativecommons.org/licenses/by-nc-sa/3.0/","//www.xeno-canto.org/71264","C","07:40","1997-07-12","300","//www.xeno-canto.org/sounds/uploaded/WOEAFQRMUD/ffts/XC71264-small.png","//www.xeno-canto.org/sounds/uploaded/WOEAFQRMUD/ffts/XC71264-med.png","//www.xeno-canto.org/sounds/uploaded/WOEAFQRMUD/ffts/XC71264-large.png","//www.xeno-canto.org/sounds/uploaded/WOEAFQRMUD/ffts/XC71264-full.png","0:43","2011-02-07","Rupornis magnirostris","Natural song followed by flight calls. Understory of secondary forest.","unknown","unknown",NA,NA,NA,NA,NA,NA,NA,NA
"22083","Phaethornis","yaruqui","","White-whiskered Hermit","Roger Ahlman","Ecuador","Finca Cuatro Rios, San Miguel de Los Bancos, Pichincha","0.0742","-78.9817","song       ","//www.xeno-canto.org/22083/download","//creativecommons.org/licenses/by-nc-nd/2.5/","//www.xeno-canto.org/22083","C","8:30","2008-07-19","700","//www.xeno-canto.org/sounds/uploaded/EGHCOFEENE/ffts/XC22083-small.png","//www.xeno-canto.org/sounds/uploaded/EGHCOFEENE/ffts/XC22083-med.png","//www.xeno-canto.org/sounds/uploaded/EGHCOFEENE/ffts/XC22083-large.png","//www.xeno-canto.org/sounds/uploaded/EGHCOFEENE/ffts/XC22083-full.png","0:15","2008-11-20",NA,"","unknown","unknown","Leptotila pallida","Ramphastos ambiguus",NA,NA,NA,NA,NA,NA
"13306","Phaethornis","yaruqui","","White-whiskered Hermit","Roger Ahlman","Ecuador","Finca Cuatro Rios, San Miguel de Los Bancos, Pichincha","0.0742","-78.9817","song","//www.xeno-canto.org/13306/download","//creativecommons.org/licenses/by-nc-nd/2.5/","//www.xeno-canto.org/13306","C","8:00","2003-11-03","700","//www.xeno-canto.org/sounds/uploaded/EGHCOFEENE/ffts/XC13306-small.png","//www.xeno-canto.org/sounds/uploaded/EGHCOFEENE/ffts/XC13306-med.png","//www.xeno-canto.org/sounds/uploaded/EGHCOFEENE/ffts/XC13306-large.png","//www.xeno-canto.org/sounds/uploaded/EGHCOFEENE/ffts/XC13306-full.png","0:19","2008-11-20","","","unknown","unknown",NA,NA,NA,NA,NA,NA,NA,NA
"4170","Phaethornis","yaruqui","","White-whiskered Hermit","Wouter Halfwerk","Ecuador","Bilsa, Mache-Chindul Hills","0.4667","-79.8001","song","//www.xeno-canto.org/4170/download","//creativecommons.org/licenses/by-nc-nd/2.5/","//www.xeno-canto.org/4170","C","13:00","2005-02-14","450","//www.xeno-canto.org/sounds/uploaded/DGHUWNTDBO/ffts/XC4170-small.png","//www.xeno-canto.org/sounds/uploaded/DGHUWNTDBO/ffts/XC4170-med.png","//www.xeno-canto.org/sounds/uploaded/DGHUWNTDBO/ffts/XC4170-large.png","//www.xeno-canto.org/sounds/uploaded/DGHUWNTDBO/ffts/XC4170-full.png","0:25","2008-11-20","","trip:http://www.surfbirds.com/trip_report.php?id=835 4 birds at a lek","unknown","unknown",NA,NA,NA,NA,NA,NA,NA,NA
"1489","Phaethornis","yaruqui","","White-whiskered Hermit","Wouter Halfwerk","Ecuador","Bilsa, Mache-Chindul Hills","0.4667","-79.8001","song","//www.xeno-canto.org/1489/download","//creativecommons.org/licenses/by-nc-nd/2.5/","//www.xeno-canto.org/1489","C","11:00","2005-02-16","400","//www.xeno-canto.org/sounds/uploaded/DGHUWNTDBO/ffts/XC1489-small.png","//www.xeno-canto.org/sounds/uploaded/DGHUWNTDBO/ffts/XC1489-med.png","//www.xeno-canto.org/sounds/uploaded/DGHUWNTDBO/ffts/XC1489-large.png","//www.xeno-canto.org/sounds/uploaded/DGHUWNTDBO/ffts/XC1489-full.png","0:25","2008-11-20","","trip:http://www.surfbirds.com/trip_report.php?id=835 4 birds at a lek","unknown","unknown",NA,NA,NA,NA,NA,NA,NA,NA
"488781","Phaethornis","guy","","Green Hermit","JUAN CARLOS NOREÑA TOBÓN","Colombia","Eco Hotel Los Lagos, Marsella, Risaralda","4.931","-75.745","Lek","//www.xeno-canto.org/488781/download","//creativecommons.org/licenses/by-nc-nd/4.0/","//www.xeno-canto.org/488781","A","16:00","2019-07-21","1600","//www.xeno-canto.org/sounds/uploaded/YTSEZTPIQQ/ffts/XC488781-small.png","//www.xeno-canto.org/sounds/uploaded/YTSEZTPIQQ/ffts/XC488781-med.png","//www.xeno-canto.org/sounds/uploaded/YTSEZTPIQQ/ffts/XC488781-large.png","//www.xeno-canto.org/sounds/uploaded/YTSEZTPIQQ/ffts/XC488781-full.png","0:28","2019-07-24","","","yes","no",NA,NA,NA,NA,NA,NA,NA,NA
"488780","Phaethornis","guy","","Green Hermit","JUAN CARLOS NOREÑA TOBÓN","Colombia","Ecohotel Los Lagos, Marsella, Risaralda","4.931","-75.745","Lek","//www.xeno-canto.org/488780/download","//creativecommons.org/licenses/by-nc-nd/4.0/","//www.xeno-canto.org/488780","A","16:00","2019-07-21","1600","//www.xeno-canto.org/sounds/uploaded/YTSEZTPIQQ/ffts/XC488780-small.png","//www.xeno-canto.org/sounds/uploaded/YTSEZTPIQQ/ffts/XC488780-med.png","//www.xeno-canto.org/sounds/uploaded/YTSEZTPIQQ/ffts/XC488780-large.png","//www.xeno-canto.org/sounds/uploaded/YTSEZTPIQQ/ffts/XC488780-full.png","0:25","2019-07-24","","","yes","no",NA,NA,NA,NA,NA,NA,NA,NA
"359439","Phaethornis","guy","coruscus","Green Hermit","Hans Matheve","Panama","Cerro Pirre (middle)","7.998","-77.7138","song","//www.xeno-canto.org/359439/download","//creativecommons.org/licenses/by-nc-nd/4.0/","//www.xeno-canto.org/359439","A","?","2016-12-15","600","//www.xeno-canto.org/sounds/uploaded/VROUALCTKG/ffts/XC359439-small.png","//www.xeno-canto.org/sounds/uploaded/VROUALCTKG/ffts/XC359439-med.png","//www.xeno-canto.org/sounds/uploaded/VROUALCTKG/ffts/XC359439-large.png","//www.xeno-canto.org/sounds/uploaded/VROUALCTKG/ffts/XC359439-full.png","1:17","2017-03-17","","","yes","no",NA,NA,NA,NA,NA,NA,NA,NA
"344329","Phaethornis","guy","","Green Hermit","Hotel Tinamu","Colombia","Hotel Tinamú Birding Nature Reserve","5.0791","-75.6852","song","//www.xeno-canto.org/344329/download","//creativecommons.org/licenses/by-nc-sa/4.0/","//www.xeno-canto.org/344329","A","08:00","2016-08-19","1000","//www.xeno-canto.org/sounds/uploaded/UOMSQHKZSS/ffts/XC344329-small.png","//www.xeno-canto.org/sounds/uploaded/UOMSQHKZSS/ffts/XC344329-med.png","//www.xeno-canto.org/sounds/uploaded/UOMSQHKZSS/ffts/XC344329-large.png","//www.xeno-canto.org/sounds/uploaded/UOMSQHKZSS/ffts/XC344329-full.png","0:49","2016-11-28",NA,"Grabado por Juan Pablo Culasso
www.jpculasso.net

Understory secondary forest.","yes","no","Leptotila verreauxi","Pachyramphus polychopterus",NA,NA,NA,NA,NA,NA
"273415","Phaethornis","guy","","Green Hermit","Peter Boesman","Colombia","RNA Reinita Cielo Azul, San Vicente de Chucurí, Santander, Colombia, 1900m, N","6.8662","-73.3664","call","//www.xeno-canto.org/273415/download","//creativecommons.org/licenses/by-nc-nd/4.0/","//www.xeno-canto.org/273415","A","16:30","2011-01-31","1900","//www.xeno-canto.org/sounds/uploaded/OOECIWCSWV/ffts/XC273415-small.png","//www.xeno-canto.org/sounds/uploaded/OOECIWCSWV/ffts/XC273415-med.png","//www.xeno-canto.org/sounds/uploaded/OOECIWCSWV/ffts/XC273415-large.png","//www.xeno-canto.org/sounds/uploaded/OOECIWCSWV/ffts/XC273415-full.png","0:09","2015-08-27","","At feeder.","unknown","unknown",NA,NA,NA,NA,NA,NA,NA,NA
"257788","Phaethornis","guy","apicalis","Green Hermit","John V. Moore","Ecuador","Zamora-Chinchipe: Río Bombuscaro","-4.108","-78.964","song","//www.xeno-canto.org/257788/download","//creativecommons.org/licenses/by-nc-sa/4.0/","//www.xeno-canto.org/257788","A","?","1997-11-00","1000","//www.xeno-canto.org/sounds/uploaded/YKKDTZHLUU/ffts/XC257788-small.png","//www.xeno-canto.org/sounds/uploaded/YKKDTZHLUU/ffts/XC257788-med.png","//www.xeno-canto.org/sounds/uploaded/YKKDTZHLUU/ffts/XC257788-large.png","//www.xeno-canto.org/sounds/uploaded/YKKDTZHLUU/ffts/XC257788-full.png","0:34","2015-07-16","","<a href=http://johnvmoorenaturerecordings.com/pubs/ECUAD/main.htm>Moore et al. 2013: Bird Sounds of Ecuador DVD </a>Single bird","unknown","no",NA,NA,NA,NA,NA,NA,NA,NA
"238804","Phaethornis","guy","apicalis","Green Hermit","Niels Krabbe","Ecuador","Morona-Santiago: w-slope Cord. de Cutucú","-2.432","-78.049","song","//www.xeno-canto.org/238804/download","//creativecommons.org/licenses/by-nc-sa/3.0/","//www.xeno-canto.org/238804","A","8:10","2002-08-25","1325","//www.xeno-canto.org/sounds/uploaded/XTVEPHMPPJ/ffts/XC238804-small.png","//www.xeno-canto.org/sounds/uploaded/XTVEPHMPPJ/ffts/XC238804-med.png","//www.xeno-canto.org/sounds/uploaded/XTVEPHMPPJ/ffts/XC238804-large.png","//www.xeno-canto.org/sounds/uploaded/XTVEPHMPPJ/ffts/XC238804-full.png","0:43","2015-05-01","","Humid forest. Reference: A: 564-596 (Phaguyy1). Krabbe & Nilsson (2003) (ISBN 90-75838-06-9).","yes","no",NA,NA,NA,NA,NA,NA,NA,NA
"227574","Phaethornis","guy","","Green Hermit","Peter Boesman","Peru","Abra Patricia road, San Martín","-5.6708","-77.6953","song","//www.xeno-canto.org/227574/download","//creativecommons.org/licenses/by-nc-nd/4.0/","//www.xeno-canto.org/227574","A","06:45","2008-01-04","","//www.xeno-canto.org/sounds/uploaded/OOECIWCSWV/ffts/XC227574-small.png","//www.xeno-canto.org/sounds/uploaded/OOECIWCSWV/ffts/XC227574-med.png","//www.xeno-canto.org/sounds/uploaded/OOECIWCSWV/ffts/XC227574-large.png","//www.xeno-canto.org/sounds/uploaded/OOECIWCSWV/ffts/XC227574-full.png","0:27","2015-03-23","","ID certainty 100%. (Archiv. tape 526 side A track 2 seq. A)","unknown","unknown",NA,NA,NA,NA,NA,NA,NA,NA
"193003","Phaethornis","guy","","Green Hermit","Oscar Humberto Marin-Gomez","Colombia","Suaita, Santander","6.1064","-73.4556","Lekking, song","//www.xeno-canto.org/193003/download","//creativecommons.org/licenses/by-nc-sa/4.0/","//www.xeno-canto.org/193003","A","11:00","2014-07-02","1600","//www.xeno-canto.org/sounds/uploaded/CSUHASNRSU/ffts/XC193003-small.png","//www.xeno-canto.org/sounds/uploaded/CSUHASNRSU/ffts/XC193003-med.png","//www.xeno-canto.org/sounds/uploaded/CSUHASNRSU/ffts/XC193003-large.png","//www.xeno-canto.org/sounds/uploaded/CSUHASNRSU/ffts/XC193003-full.png","1:28","2014-08-27","","Dos individuos en Lek. A 5 m del mic. Catalog number Suaita 1801","no","no",NA,NA,NA,NA,NA,NA,NA,NA
"193002","Phaethornis","guy","","Green Hermit","Oscar Humberto Marin-Gomez","Colombia","Suaita, Santander","6.1064","-73.4556","Lekking, song","//www.xeno-canto.org/193002/download","//creativecommons.org/licenses/by-nc-sa/4.0/","//www.xeno-canto.org/193002","A","11:15","2014-07-02","1600","//www.xeno-canto.org/sounds/uploaded/CSUHASNRSU/ffts/XC193002-small.png","//www.xeno-canto.org/sounds/uploaded/CSUHASNRSU/ffts/XC193002-med.png","//www.xeno-canto.org/sounds/uploaded/CSUHASNRSU/ffts/XC193002-large.png","//www.xeno-canto.org/sounds/uploaded/CSUHASNRSU/ffts/XC193002-full.png","1:35","2014-08-27","","Otro individuo en Lek. Catalog number Suaita 1800","yes","no",NA,NA,NA,NA,NA,NA,NA,NA
"193000","Phaethornis","guy","","Green Hermit","Oscar Humberto Marin-Gomez","Colombia","Suaita, Santander","6.1064","-73.4556","song","//www.xeno-canto.org/193000/download","//creativecommons.org/licenses/by-nc-sa/4.0/","//www.xeno-canto.org/193000","A","11:07","2014-07-02","1600","//www.xeno-canto.org/sounds/uploaded/CSUHASNRSU/ffts/XC193000-small.png","//www.xeno-canto.org/sounds/uploaded/CSUHASNRSU/ffts/XC193000-med.png","//www.xeno-canto.org/sounds/uploaded/CSUHASNRSU/ffts/XC193000-large.png","//www.xeno-canto.org/sounds/uploaded/CSUHASNRSU/ffts/XC193000-full.png","0:51","2014-08-27","","Tres individuos en Lek. Catalog number Suaita 1799","yes","no",NA,NA,NA,NA,NA,NA,NA,NA
"192998","Phaethornis","guy","","Green Hermit","Oscar Humberto Marin-Gomez","Colombia","Suaita, Santander","6.1064","-73.4556","song","//www.xeno-canto.org/192998/download","//creativecommons.org/licenses/by-nc-sa/4.0/","//www.xeno-canto.org/192998","A","11:07","2014-07-02","1600","//www.xeno-canto.org/sounds/uploaded/CSUHASNRSU/ffts/XC192998-small.png","//www.xeno-canto.org/sounds/uploaded/CSUHASNRSU/ffts/XC192998-med.png","//www.xeno-canto.org/sounds/uploaded/CSUHASNRSU/ffts/XC192998-large.png","//www.xeno-canto.org/sounds/uploaded/CSUHASNRSU/ffts/XC192998-full.png","3:01","2014-08-27","","Tres individuos en Lek. Catalog number Suaita 1798","yes","no",NA,NA,NA,NA,NA,NA,NA,NA
"192995","Phaethornis","guy","","Green Hermit","Oscar Humberto Marin-Gomez","Colombia","Suaita, Santander","6.1064","-73.4556","Agonistic calls, flight call, song","//www.xeno-canto.org/192995/download","//creativecommons.org/licenses/by-nc-sa/4.0/","//www.xeno-canto.org/192995","A","11:07","2014-07-02","1600","//www.xeno-canto.org/sounds/uploaded/CSUHASNRSU/ffts/XC192995-small.png","//www.xeno-canto.org/sounds/uploaded/CSUHASNRSU/ffts/XC192995-med.png","//www.xeno-canto.org/sounds/uploaded/CSUHASNRSU/ffts/XC192995-large.png","//www.xeno-canto.org/sounds/uploaded/CSUHASNRSU/ffts/XC192995-full.png","0:13","2014-08-27","","Dos individuos en persecución. Catalog number Suaita 1798","yes","no",NA,NA,NA,NA,NA,NA,NA,NA
"192992","Phaethornis","guy","","Green Hermit","Oscar Humberto Marin-Gomez","Colombia","Suaita, Santander","6.1064","-73.4556","Lekking, song","//www.xeno-canto.org/192992/download","//creativecommons.org/licenses/by-nc-sa/4.0/","//www.xeno-canto.org/192992","A","10:48","2014-07-02","1600","//www.xeno-canto.org/sounds/uploaded/CSUHASNRSU/ffts/XC192992-small.png","//www.xeno-canto.org/sounds/uploaded/CSUHASNRSU/ffts/XC192992-med.png","//www.xeno-canto.org/sounds/uploaded/CSUHASNRSU/ffts/XC192992-large.png","//www.xeno-canto.org/sounds/uploaded/CSUHASNRSU/ffts/XC192992-full.png","2:16","2014-08-27","","Lek de 4 individuos en sotobosque, 2 individuos vistos en persecusión. Catalog number Suaita 1794","yes","no",NA,NA,NA,NA,NA,NA,NA,NA
"192990","Phaethornis","guy","","Green Hermit","Oscar Humberto Marin-Gomez","Colombia","Suaita, Santander","6.1064","-73.4556","Lekking, male, song","//www.xeno-canto.org/192990/download","//creativecommons.org/licenses/by-nc-sa/4.0/","//www.xeno-canto.org/192990","A","10:48","2014-07-02","1600","//www.xeno-canto.org/sounds/uploaded/CSUHASNRSU/ffts/XC192990-small.png","//www.xeno-canto.org/sounds/uploaded/CSUHASNRSU/ffts/XC192990-med.png","//www.xeno-canto.org/sounds/uploaded/CSUHASNRSU/ffts/XC192990-large.png","//www.xeno-canto.org/sounds/uploaded/CSUHASNRSU/ffts/XC192990-full.png","3:01","2014-08-27","","Lek en sotobosque, 9 individuos, grabados a 20 m de distancia. Catalog number Suaita 1793","no","no",NA,NA,NA,NA,NA,NA,NA,NA
"192988","Phaethornis","guy","","Green Hermit","Oscar Humberto Marin-Gomez","Colombia","Suaita, Santander","6.1064","-73.4556","Lekking, male, song","//www.xeno-canto.org/192988/download","//creativecommons.org/licenses/by-nc-sa/4.0/","//www.xeno-canto.org/192988","A","10:48","2014-07-02","1600","//www.xeno-canto.org/sounds/uploaded/CSUHASNRSU/ffts/XC192988-small.png","//www.xeno-canto.org/sounds/uploaded/CSUHASNRSU/ffts/XC192988-med.png","//www.xeno-canto.org/sounds/uploaded/CSUHASNRSU/ffts/XC192988-large.png","//www.xeno-canto.org/sounds/uploaded/CSUHASNRSU/ffts/XC192988-full.png","3:22","2014-08-27","","Un individuo perchado, no visto, en ramas bajas en sotobosque. Periferia de Lek, con otros 9 individuos. Catalog number Suaita1792","no","no",NA,NA,NA,NA,NA,NA,NA,NA
"130138","Phaethornis","guy","","Green Hermit","Oscar Humberto Marin-Gomez","Colombia","Parque Regional Barbas-Bremen, Filandia, Quindio. Sector Bremen-La Popa","4.6717","-75.6283","call, distress call. Bird in hand","//www.xeno-canto.org/130138/download","//creativecommons.org/licenses/by-nc-sa/3.0/","//www.xeno-canto.org/130138","A","09:00","2007-11-12","1800","//www.xeno-canto.org/sounds/uploaded/CSUHASNRSU/ffts/XC130138-small.png","//www.xeno-canto.org/sounds/uploaded/CSUHASNRSU/ffts/XC130138-med.png","//www.xeno-canto.org/sounds/uploaded/CSUHASNRSU/ffts/XC130138-large.png","//www.xeno-canto.org/sounds/uploaded/CSUHASNRSU/ffts/XC130138-full.png","0:24","2013-04-18","","Ref: OHM006A 1655. Forest edge. Low Montane Forest.","yes","no",NA,NA,NA,NA,NA,NA,NA,NA
"129831","Phaethornis","guy","","Green Hermit","Oscar Humberto Marin-Gomez","Colombia","Parque Regional Barbas-Bremen, Filandia, Quindio. Sector Bremen-La Popa","4.6717","-75.6283","flight call","//www.xeno-canto.org/129831/download","//creativecommons.org/licenses/by-nc-sa/3.0/","//www.xeno-canto.org/129831","A","10:40","2007-11-07","1800","//www.xeno-canto.org/sounds/uploaded/CSUHASNRSU/ffts/XC129831-small.png","//www.xeno-canto.org/sounds/uploaded/CSUHASNRSU/ffts/XC129831-med.png","//www.xeno-canto.org/sounds/uploaded/CSUHASNRSU/ffts/XC129831-large.png","//www.xeno-canto.org/sounds/uploaded/CSUHASNRSU/ffts/XC129831-full.png","0:10","2013-04-17","","OHM 004B 0235. Un individuo en vuelo por el sotobosque. En Borde de bosque. 10m del Mic. Vocalización Natural. Cerca al campamento Bremen","yes","no",NA,NA,NA,NA,NA,NA,NA,NA
"114172","Phaethornis","guy","","Green Hermit","Sergio Chaparro-Herrera","Colombia","Jardín, Antioquia","5.5883","-75.8209","call","//www.xeno-canto.org/114172/download","//creativecommons.org/licenses/by-nc-sa/3.0/","//www.xeno-canto.org/114172","A","08:30","2012-01-18","1900","//www.xeno-canto.org/sounds/uploaded/RJLERWCWGE/ffts/XC114172-small.png","//www.xeno-canto.org/sounds/uploaded/RJLERWCWGE/ffts/XC114172-med.png","//www.xeno-canto.org/sounds/uploaded/RJLERWCWGE/ffts/XC114172-large.png","//www.xeno-canto.org/sounds/uploaded/RJLERWCWGE/ffts/XC114172-full.png","0:39","2012-12-05","","En Lek.","yes","no",NA,NA,NA,NA,NA,NA,NA,NA
"80528","Phaethornis","guy","","Green Hermit","William Adsett","Panama","Altos del Torreón, Altos de Cerro Azul","9.166","-79.404","Call","//www.xeno-canto.org/80528/download","//creativecommons.org/licenses/by-nc-nd/2.5/","//www.xeno-canto.org/80528","A","10.10","2011-05-11","800","//www.xeno-canto.org/sounds/uploaded/WNGXTLHREQ/ffts/XC80528-small.png","//www.xeno-canto.org/sounds/uploaded/WNGXTLHREQ/ffts/XC80528-med.png","//www.xeno-canto.org/sounds/uploaded/WNGXTLHREQ/ffts/XC80528-large.png","//www.xeno-canto.org/sounds/uploaded/WNGXTLHREQ/ffts/XC80528-full.png","0:19","2011-06-10","","2 males at lek","unknown","unknown",NA,NA,NA,NA,NA,NA,NA,NA
"51252","Phaethornis","guy","","Green Hermit","David Geale","Colombia","RNA Arrierito Antioqueño, Anorí, Antioquia","6.9862","-75.1251","Wing noise","//www.xeno-canto.org/51252/download","//creativecommons.org/licenses/by-nc-nd/2.5/","//www.xeno-canto.org/51252","A","15:35","2010-01-27","1500","//www.xeno-canto.org/sounds/uploaded/SBFBVYGIJC/ffts/XC51252-small.png","//www.xeno-canto.org/sounds/uploaded/SBFBVYGIJC/ffts/XC51252-med.png","//www.xeno-canto.org/sounds/uploaded/SBFBVYGIJC/ffts/XC51252-large.png","//www.xeno-canto.org/sounds/uploaded/SBFBVYGIJC/ffts/XC51252-full.png","0:09","2010-05-20","","Wing noise only.","unknown","unknown",NA,NA,NA,NA,NA,NA,NA,NA
"17710","Phaethornis","guy","apicalis","Green Hermit","Andrew Spencer","Ecuador","Parque Nacional Podocarpus, sector Rio Bombuscaro, Zamora-Chinchipe","-4.1139","-78.9637","lekking","//www.xeno-canto.org/17710/download","//creativecommons.org/licenses/by-nc-nd/2.5/","//www.xeno-canto.org/17710","A","06:30","2007-12-22","1000","//www.xeno-canto.org/sounds/uploaded/CDTGHVBGZP/ffts/XC17710-small.png","//www.xeno-canto.org/sounds/uploaded/CDTGHVBGZP/ffts/XC17710-med.png","//www.xeno-canto.org/sounds/uploaded/CDTGHVBGZP/ffts/XC17710-large.png","//www.xeno-canto.org/sounds/uploaded/CDTGHVBGZP/ffts/XC17710-full.png","0:59","2008-11-20","","","unknown","unknown",NA,NA,NA,NA,NA,NA,NA,NA
"457254","Phaethornis","guy","","Green Hermit","David Monroy Rengifo","Colombia","Eco Hotel Los Lagos, Marsella, Risaralda","4.9308","-75.7451","male, song","//www.xeno-canto.org/457254/download","//creativecommons.org/licenses/by-nc-sa/4.0/","//www.xeno-canto.org/457254","B","10:00","2019-02-17","1600","//www.xeno-canto.org/sounds/uploaded/MAVGCHPXII/ffts/XC457254-small.png","//www.xeno-canto.org/sounds/uploaded/MAVGCHPXII/ffts/XC457254-med.png","//www.xeno-canto.org/sounds/uploaded/MAVGCHPXII/ffts/XC457254-large.png","//www.xeno-canto.org/sounds/uploaded/MAVGCHPXII/ffts/XC457254-full.png","0:34","2019-02-19","","","yes","no",NA,NA,NA,NA,NA,NA,NA,NA
"449358","Phaethornis","guy","","Green Hermit","Jerome Fischer","Colombia","Reserva Natural La Isla Escondida, Orito, Putumayo","0.6513","-77.0739","flight call","//www.xeno-canto.org/449358/download","//creativecommons.org/licenses/by-nc-sa/4.0/","//www.xeno-canto.org/449358","B","07:30","2018-12-30","850","//www.xeno-canto.org/sounds/uploaded/JPBSNBUUEF/ffts/XC449358-small.png","//www.xeno-canto.org/sounds/uploaded/JPBSNBUUEF/ffts/XC449358-med.png","//www.xeno-canto.org/sounds/uploaded/JPBSNBUUEF/ffts/XC449358-large.png","//www.xeno-canto.org/sounds/uploaded/JPBSNBUUEF/ffts/XC449358-full.png","0:07","2019-01-07","","","yes","no",NA,NA,NA,NA,NA,NA,NA,NA
"441459","Phaethornis","guy","","Green Hermit","Juan Sebastian Ulloa","Colombia","TInamou Birding Reserve, Manizales, Caldas","5.0647","-75.5924","call, song","//www.xeno-canto.org/441459/download","//creativecommons.org/licenses/by-nc-sa/4.0/","//www.xeno-canto.org/441459","B","11:00","2018-10-06","1300","//www.xeno-canto.org/sounds/uploaded/DTKJSKMKZD/ffts/XC441459-small.png","//www.xeno-canto.org/sounds/uploaded/DTKJSKMKZD/ffts/XC441459-med.png","//www.xeno-canto.org/sounds/uploaded/DTKJSKMKZD/ffts/XC441459-large.png","//www.xeno-canto.org/sounds/uploaded/DTKJSKMKZD/ffts/XC441459-full.png","0:24","2018-11-05","","Sound at lek","yes","no",NA,NA,NA,NA,NA,NA,NA,NA
"441218","Phaethornis","guy","","Green Hermit","Juan Sebastian Ulloa","Colombia","Villa Cielo, Pance","3.3335","-76.636","call, song","//www.xeno-canto.org/441218/download","//creativecommons.org/licenses/by-nc-sa/4.0/","//www.xeno-canto.org/441218","B","08:30","2018-11-03","1600","//www.xeno-canto.org/sounds/uploaded/DTKJSKMKZD/ffts/XC441218-small.png","//www.xeno-canto.org/sounds/uploaded/DTKJSKMKZD/ffts/XC441218-med.png","//www.xeno-canto.org/sounds/uploaded/DTKJSKMKZD/ffts/XC441218-large.png","//www.xeno-canto.org/sounds/uploaded/DTKJSKMKZD/ffts/XC441218-full.png","0:26","2018-11-04","Phaethornis guy","Recorded at a Phaethornis guy lek","yes","no",NA,NA,NA,NA,NA,NA,NA,NA
"389661","Phaethornis","guy","","Green Hermit","Jerome Fischer","Ecuador","Napo: V.Sumaco: 1 km S ""Wild Sumaco Lodge""","-0.683","-77.6","flight call","//www.xeno-canto.org/389661/download","//creativecommons.org/licenses/by-nc-sa/4.0/","//www.xeno-canto.org/389661","B","07:00","2017-10-12","1500","//www.xeno-canto.org/sounds/uploaded/JPBSNBUUEF/ffts/XC389661-small.png","//www.xeno-canto.org/sounds/uploaded/JPBSNBUUEF/ffts/XC389661-med.png","//www.xeno-canto.org/sounds/uploaded/JPBSNBUUEF/ffts/XC389661-large.png","//www.xeno-canto.org/sounds/uploaded/JPBSNBUUEF/ffts/XC389661-full.png","0:05","2017-10-15","","","yes","no",NA,NA,NA,NA,NA,NA,NA,NA
"276357","Phaethornis","guy","apicalis","Green Hermit","Jonas Nilsson","Ecuador","Morona-Santiago: w-slope Cord. de Cutucú","-2.432","-78.049","song at lek","//www.xeno-canto.org/276357/download","//creativecommons.org/licenses/by-nc-sa/4.0/","//www.xeno-canto.org/276357","B","09:05","2002-08-25","1285","//www.xeno-canto.org/sounds/uploaded/GTTLRDCZWR/ffts/XC276357-small.png","//www.xeno-canto.org/sounds/uploaded/GTTLRDCZWR/ffts/XC276357-med.png","//www.xeno-canto.org/sounds/uploaded/GTTLRDCZWR/ffts/XC276357-large.png","//www.xeno-canto.org/sounds/uploaded/GTTLRDCZWR/ffts/XC276357-full.png","3:36","2015-08-28","Schiffornis aenea","Humid forest. Reference: JN4 (B 33-75). Krabbe & Nilsson (2003) (ISBN 90-75838-06-9).","yes","no",NA,NA,NA,NA,NA,NA,NA,NA
"273416","Phaethornis","guy","","Green Hermit","Peter Boesman","Colombia","RNA Reinita Cielo Azul, San Vicente de Chucurí, Santander, Colombia, 1900m, N","6.8662","-73.3664","call","//www.xeno-canto.org/273416/download","//creativecommons.org/licenses/by-nc-nd/4.0/","//www.xeno-canto.org/273416","B","07:00","2011-01-31","1900","//www.xeno-canto.org/sounds/uploaded/OOECIWCSWV/ffts/XC273416-small.png","//www.xeno-canto.org/sounds/uploaded/OOECIWCSWV/ffts/XC273416-med.png","//www.xeno-canto.org/sounds/uploaded/OOECIWCSWV/ffts/XC273416-large.png","//www.xeno-canto.org/sounds/uploaded/OOECIWCSWV/ffts/XC273416-full.png","0:37","2015-08-27","","At feeder.","unknown","unknown",NA,NA,NA,NA,NA,NA,NA,NA
"264455","Phaethornis","guy","apicalis","Green Hermit","Paul Coopmans","Ecuador","Napo: Guagua Sumaco","-0.731","-77.569","song at lek","//www.xeno-canto.org/264455/download","//creativecommons.org/licenses/by-nc-sa/4.0/","//www.xeno-canto.org/264455","B","?","1996-08-00","1135","//www.xeno-canto.org/sounds/uploaded/XTVEPHMPPJ/ffts/XC264455-small.png","//www.xeno-canto.org/sounds/uploaded/XTVEPHMPPJ/ffts/XC264455-med.png","//www.xeno-canto.org/sounds/uploaded/XTVEPHMPPJ/ffts/XC264455-large.png","//www.xeno-canto.org/sounds/uploaded/XTVEPHMPPJ/ffts/XC264455-full.png","0:19","2015-07-30","","<a href=""http://johnvmoorenaturerecordings.com/pubs/ECUAD/main.htm"">Moore et al. 2013: Bird Sounds of Ecuador DVD</a>.","unknown","no",NA,NA,NA,NA,NA,NA,NA,NA
"257790","Phaethornis","guy","apicalis","Green Hermit","John V. Moore","Ecuador","Napo: 3 km NW Guagua Sumaco","-0.693","-77.605","flight calls, wing noise","//www.xeno-canto.org/257790/download","//creativecommons.org/licenses/by-nc-sa/4.0/","//www.xeno-canto.org/257790","B","?","2004-01-00","1260","//www.xeno-canto.org/sounds/uploaded/YKKDTZHLUU/ffts/XC257790-small.png","//www.xeno-canto.org/sounds/uploaded/YKKDTZHLUU/ffts/XC257790-med.png","//www.xeno-canto.org/sounds/uploaded/YKKDTZHLUU/ffts/XC257790-large.png","//www.xeno-canto.org/sounds/uploaded/YKKDTZHLUU/ffts/XC257790-full.png","0:19","2015-07-16","","<a href=http://johnvmoorenaturerecordings.com/pubs/ECUAD/main.htm>Moore et al. 2013: Bird Sounds of Ecuador DVD </a>Looped once","unknown","no",NA,NA,NA,NA,NA,NA,NA,NA
"257789","Phaethornis","guy","apicalis","Green Hermit","John V. Moore","Ecuador","Zamora-Chinchipe: Río Bombuscaro","-4.108","-78.964","flight calls","//www.xeno-canto.org/257789/download","//creativecommons.org/licenses/by-nc-sa/4.0/","//www.xeno-canto.org/257789","B","?","1997-11-00","1000","//www.xeno-canto.org/sounds/uploaded/YKKDTZHLUU/ffts/XC257789-small.png","//www.xeno-canto.org/sounds/uploaded/YKKDTZHLUU/ffts/XC257789-med.png","//www.xeno-canto.org/sounds/uploaded/YKKDTZHLUU/ffts/XC257789-large.png","//www.xeno-canto.org/sounds/uploaded/YKKDTZHLUU/ffts/XC257789-full.png","0:17","2015-07-16","","<a href=http://johnvmoorenaturerecordings.com/pubs/ECUAD/main.htm>Moore et al. 2013: Bird Sounds of Ecuador DVD </a>Chattering calls","unknown","no",NA,NA,NA,NA,NA,NA,NA,NA
"251326","Phaethornis","guy","apicalis","Green Hermit","Niels Krabbe","Ecuador","Napo: Napo Galeras","-0.833","-77.567","lek song","//www.xeno-canto.org/251326/download","//creativecommons.org/licenses/by-sa/4.0/","//www.xeno-canto.org/251326","B","07:30","2005-04-04","1175","//www.xeno-canto.org/sounds/uploaded/XTVEPHMPPJ/ffts/XC251326-small.png","//www.xeno-canto.org/sounds/uploaded/XTVEPHMPPJ/ffts/XC251326-med.png","//www.xeno-canto.org/sounds/uploaded/XTVEPHMPPJ/ffts/XC251326-large.png","//www.xeno-canto.org/sounds/uploaded/XTVEPHMPPJ/ffts/XC251326-full.png","0:52","2015-06-07","","Humid primary forest. Filtered version on Moore et al. (2013) (http://johnvmoorenaturerecordings.com/pubs/ECUAD/main.htm).","no","no",NA,NA,NA,NA,NA,NA,NA,NA
"251325","Phaethornis","guy","apicalis","Green Hermit","Niels Krabbe","Ecuador","Zamora-Chinchipe: between Chito and Laurel","-4.95","-79.05","flight call","//www.xeno-canto.org/251325/download","//creativecommons.org/licenses/by-sa/4.0/","//www.xeno-canto.org/251325","B","06:33","2004-02-13","1340","//www.xeno-canto.org/sounds/uploaded/XTVEPHMPPJ/ffts/XC251325-small.png","//www.xeno-canto.org/sounds/uploaded/XTVEPHMPPJ/ffts/XC251325-med.png","//www.xeno-canto.org/sounds/uploaded/XTVEPHMPPJ/ffts/XC251325-large.png","//www.xeno-canto.org/sounds/uploaded/XTVEPHMPPJ/ffts/XC251325-full.png","0:13","2015-06-07",NA,"Patch of semi-humid forest in cultivated area. Filtered version on Moore et al. (2013) (http://johnvmoorenaturerecordings.com/pubs/ECUAD/main.htm).","yes","no","Odontophorus speciosus","Leptotila verreauxi",NA,NA,NA,NA,NA,NA
"245134","Phaethornis","guy","","Green Hermit","Oscar Humberto Marín Gómez","Colombia","Bosque La Meseta, Vereda San José de Suaita, Suaita, Santander","6.18","-73.42","song","//www.xeno-canto.org/245134/download","//creativecommons.org/licenses/by-nc-sa/3.0/","//www.xeno-canto.org/245134","B","06:47","2014-07-03","1800","//www.xeno-canto.org/sounds/uploaded/CSUHASNRSU/ffts/XC245134-small.png","//www.xeno-canto.org/sounds/uploaded/CSUHASNRSU/ffts/XC245134-med.png","//www.xeno-canto.org/sounds/uploaded/CSUHASNRSU/ffts/XC245134-large.png","//www.xeno-canto.org/sounds/uploaded/CSUHASNRSU/ffts/XC245134-full.png","0:35","2015-05-23","Arremon brunneinucha","Reference:  1831","yes","no",NA,NA,NA,NA,NA,NA,NA,NA
"245113","Phaethornis","guy","","Green Hermit","Oscar Humberto Marín Gómez","Colombia","Bosque La Meseta, Vereda San José de Suaita, Suaita, Santander","6.18","-73.42","song","//www.xeno-canto.org/245113/download","//creativecommons.org/licenses/by-nc-sa/3.0/","//www.xeno-canto.org/245113","B","11:15","2014-07-02","1800","//www.xeno-canto.org/sounds/uploaded/CSUHASNRSU/ffts/XC245113-small.png","//www.xeno-canto.org/sounds/uploaded/CSUHASNRSU/ffts/XC245113-med.png","//www.xeno-canto.org/sounds/uploaded/CSUHASNRSU/ffts/XC245113-large.png","//www.xeno-canto.org/sounds/uploaded/CSUHASNRSU/ffts/XC245113-full.png","1:35","2015-05-23","","Lek in understory. Reference:  1800","yes","no",NA,NA,NA,NA,NA,NA,NA,NA
"245112","Phaethornis","guy","","Green Hermit","Oscar Humberto Marín Gómez","Colombia","Bosque La Meseta, Vereda San José de Suaita, Suaita, Santander","6.18","-73.42","song","//www.xeno-canto.org/245112/download","//creativecommons.org/licenses/by-nc-sa/3.0/","//www.xeno-canto.org/245112","B","11:05","2014-07-02","1800","//www.xeno-canto.org/sounds/uploaded/CSUHASNRSU/ffts/XC245112-small.png","//www.xeno-canto.org/sounds/uploaded/CSUHASNRSU/ffts/XC245112-med.png","//www.xeno-canto.org/sounds/uploaded/CSUHASNRSU/ffts/XC245112-large.png","//www.xeno-canto.org/sounds/uploaded/CSUHASNRSU/ffts/XC245112-full.png","0:51","2015-05-23","","Lek in understory. Reference:  1799","yes","no",NA,NA,NA,NA,NA,NA,NA,NA
"245111","Phaethornis","guy","","Green Hermit","Oscar Humberto Marín Gómez","Colombia","Bosque La Meseta, Vereda San José de Suaita, Suaita, Santander","6.18","-73.42","song","//www.xeno-canto.org/245111/download","//creativecommons.org/licenses/by-nc-sa/3.0/","//www.xeno-canto.org/245111","B","11:00","2014-07-02","1800","//www.xeno-canto.org/sounds/uploaded/CSUHASNRSU/ffts/XC245111-small.png","//www.xeno-canto.org/sounds/uploaded/CSUHASNRSU/ffts/XC245111-med.png","//www.xeno-canto.org/sounds/uploaded/CSUHASNRSU/ffts/XC245111-large.png","//www.xeno-canto.org/sounds/uploaded/CSUHASNRSU/ffts/XC245111-full.png","3:01","2015-05-23","","Persecusion entre dos individuos en 2:37","yes","no",NA,NA,NA,NA,NA,NA,NA,NA
"245108","Phaethornis","guy","","Green Hermit","Oscar Humberto Marín Gómez","Colombia","Bosque La Meseta, Vereda San José de Suaita, Suaita, Santander","6.18","-73.42","song","//www.xeno-canto.org/245108/download","//creativecommons.org/licenses/by-nc-sa/3.0/","//www.xeno-canto.org/245108","B","09:10","2014-07-02","1800","//www.xeno-canto.org/sounds/uploaded/CSUHASNRSU/ffts/XC245108-small.png","//www.xeno-canto.org/sounds/uploaded/CSUHASNRSU/ffts/XC245108-med.png","//www.xeno-canto.org/sounds/uploaded/CSUHASNRSU/ffts/XC245108-large.png","//www.xeno-canto.org/sounds/uploaded/CSUHASNRSU/ffts/XC245108-full.png","2:16","2015-05-23","Crypturellus soui","Lek of ten birds in understory. Reference:  1794","no","no",NA,NA,NA,NA,NA,NA,NA,NA
"245107","Phaethornis","guy","","Green Hermit","Oscar Humberto Marín Gómez","Colombia","Bosque La Meseta, Vereda San José de Suaita, Suaita, Santander","6.18","-73.42","song","//www.xeno-canto.org/245107/download","//creativecommons.org/licenses/by-nc-sa/3.0/","//www.xeno-canto.org/245107","B","09:00","2014-07-02","1800","//www.xeno-canto.org/sounds/uploaded/CSUHASNRSU/ffts/XC245107-small.png","//www.xeno-canto.org/sounds/uploaded/CSUHASNRSU/ffts/XC245107-med.png","//www.xeno-canto.org/sounds/uploaded/CSUHASNRSU/ffts/XC245107-large.png","//www.xeno-canto.org/sounds/uploaded/CSUHASNRSU/ffts/XC245107-full.png","3:01","2015-05-23","","Lek of ten birds in understory. Reference:  1793","no","no",NA,NA,NA,NA,NA,NA,NA,NA
"245104","Phaethornis","guy","","Green Hermit","Oscar Humberto Marín Gómez","Colombia","Bosque La Meseta, Vereda San José de Suaita, Suaita, Santander","6.18","-73.42","call","//www.xeno-canto.org/245104/download","//creativecommons.org/licenses/by-nc-sa/3.0/","//www.xeno-canto.org/245104","B","05:57","2014-07-02","1800","//www.xeno-canto.org/sounds/uploaded/CSUHASNRSU/ffts/XC245104-small.png","//www.xeno-canto.org/sounds/uploaded/CSUHASNRSU/ffts/XC245104-med.png","//www.xeno-canto.org/sounds/uploaded/CSUHASNRSU/ffts/XC245104-large.png","//www.xeno-canto.org/sounds/uploaded/CSUHASNRSU/ffts/XC245104-full.png","0:07","2015-05-23","","Reference:  1788A","no","no",NA,NA,NA,NA,NA,NA,NA,NA
"238805","Phaethornis","guy","apicalis","Green Hermit","Niels Krabbe","Ecuador","Morona-Santiago: w-slope Cord. de Cutucú","-2.432","-78.049","song at lek","//www.xeno-canto.org/238805/download","//creativecommons.org/licenses/by-nc-sa/3.0/","//www.xeno-canto.org/238805","B","8:30","2002-08-25","1225","//www.xeno-canto.org/sounds/uploaded/XTVEPHMPPJ/ffts/XC238805-small.png","//www.xeno-canto.org/sounds/uploaded/XTVEPHMPPJ/ffts/XC238805-med.png","//www.xeno-canto.org/sounds/uploaded/XTVEPHMPPJ/ffts/XC238805-large.png","//www.xeno-canto.org/sounds/uploaded/XTVEPHMPPJ/ffts/XC238805-full.png","1:51","2015-05-01","","Humid forest. Reference: A: 634-679 (Phaguyy2). Krabbe & Nilsson (2003) (ISBN 90-75838-06-9).","yes","no",NA,NA,NA,NA,NA,NA,NA,NA
"238803","Phaethornis","guy","apicalis","Green Hermit","Niels Krabbe","Ecuador","Zamora-Chinchipe: Río Bombuscaro","-4.108","-78.964","song","//www.xeno-canto.org/238803/download","//creativecommons.org/licenses/by-nc-sa/3.0/","//www.xeno-canto.org/238803","B","9:15","2003-03-25","1000","//www.xeno-canto.org/sounds/uploaded/XTVEPHMPPJ/ffts/XC238803-small.png","//www.xeno-canto.org/sounds/uploaded/XTVEPHMPPJ/ffts/XC238803-med.png","//www.xeno-canto.org/sounds/uploaded/XTVEPHMPPJ/ffts/XC238803-large.png","//www.xeno-canto.org/sounds/uploaded/XTVEPHMPPJ/ffts/XC238803-full.png","0:48","2015-05-01","","Humid forest. Reference: A 52-60 (PhaguyQ1). Krabbe & Nilsson (2003) (ISBN 90-75838-06-9).","yes","no",NA,NA,NA,NA,NA,NA,NA,NA
"227576","Phaethornis","guy","","Green Hermit","Peter Boesman","Peru","Abra Patricia road, San Martín","-5.6708","-77.6953","song","//www.xeno-canto.org/227576/download","//creativecommons.org/licenses/by-nc-nd/4.0/","//www.xeno-canto.org/227576","B","06:45","2008-01-04","","//www.xeno-canto.org/sounds/uploaded/OOECIWCSWV/ffts/XC227576-small.png","//www.xeno-canto.org/sounds/uploaded/OOECIWCSWV/ffts/XC227576-med.png","//www.xeno-canto.org/sounds/uploaded/OOECIWCSWV/ffts/XC227576-large.png","//www.xeno-canto.org/sounds/uploaded/OOECIWCSWV/ffts/XC227576-full.png","0:22","2015-03-23","","ID certainty 100%. (Archiv. tape 526 side A track 1 seq. A)","unknown","unknown",NA,NA,NA,NA,NA,NA,NA,NA
"203124","Phaethornis","guy","","Green Hermit","Jeisson Poveda","Colombia","Manizales, Caldas","5.0783","-75.6","call","//www.xeno-canto.org/203124/download","//creativecommons.org/licenses/by-nc-sa/4.0/","//www.xeno-canto.org/203124","B","10:30","2014-10-16","1400","//www.xeno-canto.org/sounds/uploaded/CVJNYXJFAW/ffts/XC203124-small.png","//www.xeno-canto.org/sounds/uploaded/CVJNYXJFAW/ffts/XC203124-med.png","//www.xeno-canto.org/sounds/uploaded/CVJNYXJFAW/ffts/XC203124-large.png","//www.xeno-canto.org/sounds/uploaded/CVJNYXJFAW/ffts/XC203124-full.png","0:31","2014-11-21","","","yes","no",NA,NA,NA,NA,NA,NA,NA,NA
"203123","Phaethornis","guy","","Green Hermit","Jeisson Poveda","Colombia","Hotel Tinamú Birding Nature Reserve","5.0791","-75.6852","call","//www.xeno-canto.org/203123/download","//creativecommons.org/licenses/by-nc-sa/4.0/","//www.xeno-canto.org/203123","B","10:30","2014-10-16","1000","//www.xeno-canto.org/sounds/uploaded/CVJNYXJFAW/ffts/XC203123-small.png","//www.xeno-canto.org/sounds/uploaded/CVJNYXJFAW/ffts/XC203123-med.png","//www.xeno-canto.org/sounds/uploaded/CVJNYXJFAW/ffts/XC203123-large.png","//www.xeno-canto.org/sounds/uploaded/CVJNYXJFAW/ffts/XC203123-full.png","0:24","2014-11-21","","","yes","no",NA,NA,NA,NA,NA,NA,NA,NA
"203122","Phaethornis","guy","","Green Hermit","Jeisson Poveda","Colombia","Hotel Tinamú Birding Nature Reserve","5.0791","-75.6852","call","//www.xeno-canto.org/203122/download","//creativecommons.org/licenses/by-nc-sa/4.0/","//www.xeno-canto.org/203122","B","10:30","2014-10-16","1000","//www.xeno-canto.org/sounds/uploaded/CVJNYXJFAW/ffts/XC203122-small.png","//www.xeno-canto.org/sounds/uploaded/CVJNYXJFAW/ffts/XC203122-med.png","//www.xeno-canto.org/sounds/uploaded/CVJNYXJFAW/ffts/XC203122-large.png","//www.xeno-canto.org/sounds/uploaded/CVJNYXJFAW/ffts/XC203122-full.png","0:12","2014-11-21","","","yes","no",NA,NA,NA,NA,NA,NA,NA,NA
"153264","Phaethornis","guy","","Green Hermit","Wouter Halfwerk","Panama","Cerro Azul, Panama, Panama","9.1522","-79.3936","song","//www.xeno-canto.org/153264/download","//creativecommons.org/licenses/by-nc-sa/3.0/","//www.xeno-canto.org/153264","B","16:00","2012-08-31","500","//www.xeno-canto.org/sounds/uploaded/DGHUWNTDBO/ffts/XC153264-small.png","//www.xeno-canto.org/sounds/uploaded/DGHUWNTDBO/ffts/XC153264-med.png","//www.xeno-canto.org/sounds/uploaded/DGHUWNTDBO/ffts/XC153264-large.png","//www.xeno-canto.org/sounds/uploaded/DGHUWNTDBO/ffts/XC153264-full.png","0:16","2013-11-03","","","no","no",NA,NA,NA,NA,NA,NA,NA,NA
"129718","Phaethornis","guy","","Green Hermit","Oscar Humberto Marin-Gomez","Colombia","Universidad del Quindío, Armenia, Quindio","4.5538","-75.6604","Leking, male, song","//www.xeno-canto.org/129718/download","//creativecommons.org/licenses/by-nc-sa/3.0/","//www.xeno-canto.org/129718","B","07:45","2007-11-07","1500","//www.xeno-canto.org/sounds/uploaded/CSUHASNRSU/ffts/XC129718-small.png","//www.xeno-canto.org/sounds/uploaded/CSUHASNRSU/ffts/XC129718-med.png","//www.xeno-canto.org/sounds/uploaded/CSUHASNRSU/ffts/XC129718-large.png","//www.xeno-canto.org/sounds/uploaded/CSUHASNRSU/ffts/XC129718-full.png","4:23","2013-04-16","","Ref: OHM003A 2634. Grupo de 3 a 5 individuos en sotobosque de Heliconia sp y Calathea sp, perchados a 50cm del suelo o mas bajo. Interior de bosque secundario, dominado por Guadua angustifolia. 10m del Mic. Vocalización natural. En el fondo
canto de la rana cohete: Colostethus fraterdanielli","yes","no",NA,NA,NA,NA,NA,NA,NA,NA
"128565","Phaethornis","guy","","Green Hermit","Oscar H. Marín-Gómez","Colombia","Parque Regional Barbas-Bremen, Filandia, Quindio","4.6717","-75.6283","?, call","//www.xeno-canto.org/128565/download","//creativecommons.org/licenses/by-nc-sa/3.0/","//www.xeno-canto.org/128565","B","16:00","2013-01-22","1800","//www.xeno-canto.org/sounds/uploaded/CSUHASNRSU/ffts/XC128565-small.png","//www.xeno-canto.org/sounds/uploaded/CSUHASNRSU/ffts/XC128565-med.png","//www.xeno-canto.org/sounds/uploaded/CSUHASNRSU/ffts/XC128565-large.png","//www.xeno-canto.org/sounds/uploaded/CSUHASNRSU/ffts/XC128565-full.png","0:30","2013-04-05","","Ref OHM271. Natural vocalization. Distance to Mic: 5 m. A rare call, One bird perched in understory. Low Montane Cloud Forest. Sunny weather. Not filtering","yes","no",NA,NA,NA,NA,NA,NA,NA,NA
"120150","Phaethornis","guy","","Green Hermit","Eric DeFonso","Ecuador","Parque Nacional Podocarpus, sector Rio Bombuscaro, Zamora-Chinchipe","-4.1139","-78.9637","song","//www.xeno-canto.org/120150/download","//creativecommons.org/licenses/by-nc-sa/3.0/","//www.xeno-canto.org/120150","B","08:06","2011-05-02","1000","//www.xeno-canto.org/sounds/uploaded/KTLCZCRCQX/ffts/XC120150-small.png","//www.xeno-canto.org/sounds/uploaded/KTLCZCRCQX/ffts/XC120150-med.png","//www.xeno-canto.org/sounds/uploaded/KTLCZCRCQX/ffts/XC120150-large.png","//www.xeno-canto.org/sounds/uploaded/KTLCZCRCQX/ffts/XC120150-full.png","1:09","2013-01-25","","singing in shrubby area just past the orquidarea and the ranger station","no","no",NA,NA,NA,NA,NA,NA,NA,NA
"113060","Phaethornis","guy","","Green Hermit","Sander Bot","Panama","Altos del Torreón, Altos de Cerro Azul","9.166","-79.404","song","//www.xeno-canto.org/113060/download","//creativecommons.org/licenses/by-nc-sa/3.0/","//www.xeno-canto.org/113060","B","14:30","2012-08-30","500","//www.xeno-canto.org/sounds/uploaded/HZKCNRIPRH/ffts/XC113060-small.png","//www.xeno-canto.org/sounds/uploaded/HZKCNRIPRH/ffts/XC113060-med.png","//www.xeno-canto.org/sounds/uploaded/HZKCNRIPRH/ffts/XC113060-large.png","//www.xeno-canto.org/sounds/uploaded/HZKCNRIPRH/ffts/XC113060-full.png","1:36","2012-11-19","","lekking birds","yes","no",NA,NA,NA,NA,NA,NA,NA,NA
"113001","Phaethornis","guy","","Green Hermit","Sander Bot","Panama","Kakintú, Chiriqui","8.7807","-82.2177","call","//www.xeno-canto.org/113001/download","//creativecommons.org/licenses/by-nc-sa/3.0/","//www.xeno-canto.org/113001","B","09:00","2012-08-21","1100","//www.xeno-canto.org/sounds/uploaded/HZKCNRIPRH/ffts/XC113001-small.png","//www.xeno-canto.org/sounds/uploaded/HZKCNRIPRH/ffts/XC113001-med.png","//www.xeno-canto.org/sounds/uploaded/HZKCNRIPRH/ffts/XC113001-large.png","//www.xeno-canto.org/sounds/uploaded/HZKCNRIPRH/ffts/XC113001-full.png","0:06","2012-11-19","","","yes","no",NA,NA,NA,NA,NA,NA,NA,NA
"106426","Phaethornis","guy","coruscus","Green Hermit","Mike Nelson","Costa Rica","Bajos del Toro","10.2189","-84.2959","call","//www.xeno-canto.org/106426/download","//creativecommons.org/licenses/by-nc-nd/2.5/","//www.xeno-canto.org/106426","B","3:30pm","2012-07-09","1500","//www.xeno-canto.org/sounds/uploaded/PWDLINYMKL/ffts/XC106426-small.png","//www.xeno-canto.org/sounds/uploaded/PWDLINYMKL/ffts/XC106426-med.png","//www.xeno-canto.org/sounds/uploaded/PWDLINYMKL/ffts/XC106426-large.png","//www.xeno-canto.org/sounds/uploaded/PWDLINYMKL/ffts/XC106426-full.png","0:03","2012-07-29","","img:http://www.flickr.com/photos/madbirder/7574722874/","yes","no",NA,NA,NA,NA,NA,NA,NA,NA
"15539","Phaethornis","guy","","Green Hermit","Don Jones","Costa Rica","Estación Biológica Las Cruces, San Vito de Coto Brus, Puntarenas","8.7834","-82.9501","lekking song","//www.xeno-canto.org/15539/download","//creativecommons.org/licenses/by-nc-nd/2.5/","//www.xeno-canto.org/15539","B","?","1993-11-26","1100","//www.xeno-canto.org/sounds/uploaded/BCWZQTGMSO/ffts/XC15539-small.png","//www.xeno-canto.org/sounds/uploaded/BCWZQTGMSO/ffts/XC15539-med.png","//www.xeno-canto.org/sounds/uploaded/BCWZQTGMSO/ffts/XC15539-large.png","//www.xeno-canto.org/sounds/uploaded/BCWZQTGMSO/ffts/XC15539-full.png","0:17","2008-11-20","","","unknown","unknown",NA,NA,NA,NA,NA,NA,NA,NA
"15538","Phaethornis","guy","","Green Hermit","Don Jones","Costa Rica","Estación Biológica Las Cruces, San Vito de Coto Brus, Puntarenas","8.7834","-82.9501","lekking song","//www.xeno-canto.org/15538/download","//creativecommons.org/licenses/by-nc-nd/2.5/","//www.xeno-canto.org/15538","B","?","1993-11-26","1100","//www.xeno-canto.org/sounds/uploaded/BCWZQTGMSO/ffts/XC15538-small.png","//www.xeno-canto.org/sounds/uploaded/BCWZQTGMSO/ffts/XC15538-med.png","//www.xeno-canto.org/sounds/uploaded/BCWZQTGMSO/ffts/XC15538-large.png","//www.xeno-canto.org/sounds/uploaded/BCWZQTGMSO/ffts/XC15538-full.png","0:06","2008-11-20","","","unknown","unknown",NA,NA,NA,NA,NA,NA,NA,NA
"8023","Phaethornis","guy","apicalis","Green Hermit","Nick Athanas","Ecuador","Parque Nacional Podocarpus, sector Rio Bombuscaro, Zamora-Chinchipe","-4.1139","-78.9637","lekking","//www.xeno-canto.org/8023/download","//creativecommons.org/licenses/by-nc-sa/3.0/","//www.xeno-canto.org/8023","B","10:00","2001-09-26","1000","//www.xeno-canto.org/sounds/uploaded/XRABICUARW/ffts/XC8023-small.png","//www.xeno-canto.org/sounds/uploaded/XRABICUARW/ffts/XC8023-med.png","//www.xeno-canto.org/sounds/uploaded/XRABICUARW/ffts/XC8023-large.png","//www.xeno-canto.org/sounds/uploaded/XRABICUARW/ffts/XC8023-full.png","0:27","2008-11-20","","From one bird in a dispersed lek","unknown","unknown",NA,NA,NA,NA,NA,NA,NA,NA
"483465","Phaethornis","guy","ss coruscus","Green Hermit","Brendan Sloan","Costa Rica","Wilson Botanical Garden, Las Cruces, Puntaneras",NA,NA,"call","//www.xeno-canto.org/483465/download","//creativecommons.org/licenses/by-nc-nd/4.0/","//www.xeno-canto.org/483465","C","08:30","2019-03-06","1000 masl approx","//www.xeno-canto.org/sounds/uploaded/TNTQAOFHFM/ffts/XC483465-small.png","//www.xeno-canto.org/sounds/uploaded/TNTQAOFHFM/ffts/XC483465-med.png","//www.xeno-canto.org/sounds/uploaded/TNTQAOFHFM/ffts/XC483465-large.png","//www.xeno-canto.org/sounds/uploaded/TNTQAOFHFM/ffts/XC483465-full.png","3:21","2019-06-26","","Lekking call","yes","no",NA,NA,NA,NA,NA,NA,NA,NA
"482689","Phaethornis","guy","ss coruscus","Green Hermit","Brendan Sloan","Costa Rica","Rio Negro Near San Vito",NA,NA,"call, song","//www.xeno-canto.org/482689/download","//creativecommons.org/licenses/by-nc-nd/4.0/","//www.xeno-canto.org/482689","C","10:00","2018-03-05","1000 masl approx","//www.xeno-canto.org/sounds/uploaded/TNTQAOFHFM/ffts/XC482689-small.png","//www.xeno-canto.org/sounds/uploaded/TNTQAOFHFM/ffts/XC482689-med.png","//www.xeno-canto.org/sounds/uploaded/TNTQAOFHFM/ffts/XC482689-large.png","//www.xeno-canto.org/sounds/uploaded/TNTQAOFHFM/ffts/XC482689-full.png","0:32","2019-06-22","","","yes","no",NA,NA,NA,NA,NA,NA,NA,NA
"455592","Phaethornis","guy","","Green Hermit","David Monroy Rengifo","Colombia","Reserva Natural Cauquitá","4.843","-75.8187","call","//www.xeno-canto.org/455592/download","//creativecommons.org/licenses/by-nc-sa/4.0/","//www.xeno-canto.org/455592","C","17:00","2019-02-06","1100","//www.xeno-canto.org/sounds/uploaded/MAVGCHPXII/ffts/XC455592-small.png","//www.xeno-canto.org/sounds/uploaded/MAVGCHPXII/ffts/XC455592-med.png","//www.xeno-canto.org/sounds/uploaded/MAVGCHPXII/ffts/XC455592-large.png","//www.xeno-canto.org/sounds/uploaded/MAVGCHPXII/ffts/XC455592-full.png","0:22","2019-02-09","","","no","no",NA,NA,NA,NA,NA,NA,NA,NA
"276356","Phaethornis","guy","apicalis","Green Hermit","Jonas Nilsson","Ecuador","Morona-Santiago: w-slope Cord. de Cutucú","-2.432","-78.049","song at lek","//www.xeno-canto.org/276356/download","//creativecommons.org/licenses/by-nc-sa/4.0/","//www.xeno-canto.org/276356","C","06:25","2002-08-21","1315","//www.xeno-canto.org/sounds/uploaded/GTTLRDCZWR/ffts/XC276356-small.png","//www.xeno-canto.org/sounds/uploaded/GTTLRDCZWR/ffts/XC276356-med.png","//www.xeno-canto.org/sounds/uploaded/GTTLRDCZWR/ffts/XC276356-large.png","//www.xeno-canto.org/sounds/uploaded/GTTLRDCZWR/ffts/XC276356-full.png","1:58","2015-08-28","Schiffornis aenea","Humid forest. Reference: JN3 (B 1-26). Krabbe & Nilsson (2003) (ISBN 90-75838-06-9).","yes","no",NA,NA,NA,NA,NA,NA,NA,NA
"276355","Phaethornis","guy","apicalis","Green Hermit","Jonas Nilsson","Ecuador","Zamora-Chinchipe: Río Bombuscaro","-4.108","-78.964","song at lek","//www.xeno-canto.org/276355/download","//creativecommons.org/licenses/by-nc-sa/4.0/","//www.xeno-canto.org/276355","C","08:45","2000-05-04","1000","//www.xeno-canto.org/sounds/uploaded/GTTLRDCZWR/ffts/XC276355-small.png","//www.xeno-canto.org/sounds/uploaded/GTTLRDCZWR/ffts/XC276355-med.png","//www.xeno-canto.org/sounds/uploaded/GTTLRDCZWR/ffts/XC276355-large.png","//www.xeno-canto.org/sounds/uploaded/GTTLRDCZWR/ffts/XC276355-full.png","0:26","2015-08-28","","Humid-wet, selectively logged forest. Reference: JN2. Krabbe & Nilsson (2003) (ISBN 90-75838-06-9).","yes","no",NA,NA,NA,NA,NA,NA,NA,NA
"276354","Phaethornis","guy","apicalis","Green Hermit","Jonas Nilsson","Ecuador","Napo: km 11.6 Narupa-Loreto road","-0.712","-77.741","call","//www.xeno-canto.org/276354/download","//creativecommons.org/licenses/by-nc-sa/4.0/","//www.xeno-canto.org/276354","C","06:45","1995-11-24","1350","//www.xeno-canto.org/sounds/uploaded/GTTLRDCZWR/ffts/XC276354-small.png","//www.xeno-canto.org/sounds/uploaded/GTTLRDCZWR/ffts/XC276354-med.png","//www.xeno-canto.org/sounds/uploaded/GTTLRDCZWR/ffts/XC276354-large.png","//www.xeno-canto.org/sounds/uploaded/GTTLRDCZWR/ffts/XC276354-full.png","0:21","2015-08-28","","Humid-wet forest. Reference: JN1. Krabbe & Nilsson (2003) (ISBN 90-75838-06-9).","yes","no",NA,NA,NA,NA,NA,NA,NA,NA
"271498","Phaethornis","guy","","Green Hermit","Peter Boesman","Panama","Altos del Maria area","8.646428","-80.030998","song","//www.xeno-canto.org/271498/download","//creativecommons.org/licenses/by-nc-nd/4.0/","//www.xeno-canto.org/271498","C","8:00","2015-02-27","","//www.xeno-canto.org/sounds/uploaded/OOECIWCSWV/ffts/XC271498-small.png","//www.xeno-canto.org/sounds/uploaded/OOECIWCSWV/ffts/XC271498-med.png","//www.xeno-canto.org/sounds/uploaded/OOECIWCSWV/ffts/XC271498-large.png","//www.xeno-canto.org/sounds/uploaded/OOECIWCSWV/ffts/XC271498-full.png","0:13","2015-08-26","","","unknown","unknown",NA,NA,NA,NA,NA,NA,NA,NA
"271497","Phaethornis","guy","","Green Hermit","Peter Boesman","Panama","Altos del Maria area","8.646428","-80.030998","song","//www.xeno-canto.org/271497/download","//creativecommons.org/licenses/by-nc-nd/4.0/","//www.xeno-canto.org/271497","C","8:00","2015-02-26","","//www.xeno-canto.org/sounds/uploaded/OOECIWCSWV/ffts/XC271497-small.png","//www.xeno-canto.org/sounds/uploaded/OOECIWCSWV/ffts/XC271497-med.png","//www.xeno-canto.org/sounds/uploaded/OOECIWCSWV/ffts/XC271497-large.png","//www.xeno-canto.org/sounds/uploaded/OOECIWCSWV/ffts/XC271497-full.png","0:36","2015-08-26","","","unknown","unknown",NA,NA,NA,NA,NA,NA,NA,NA
"203125","Phaethornis","guy","","Green Hermit","Jeisson Poveda","Colombia","Manizales, Caldas","5.0783","-75.6","call","//www.xeno-canto.org/203125/download","//creativecommons.org/licenses/by-nc-sa/4.0/","//www.xeno-canto.org/203125","C","10:30","2014-10-16","1400","//www.xeno-canto.org/sounds/uploaded/CVJNYXJFAW/ffts/XC203125-small.png","//www.xeno-canto.org/sounds/uploaded/CVJNYXJFAW/ffts/XC203125-med.png","//www.xeno-canto.org/sounds/uploaded/CVJNYXJFAW/ffts/XC203125-large.png","//www.xeno-canto.org/sounds/uploaded/CVJNYXJFAW/ffts/XC203125-full.png","1:17","2014-11-21","","","yes","no",NA,NA,NA,NA,NA,NA,NA,NA
"166191","Phaethornis","guy","","Green Hermit","Mike Nelson","Costa Rica","Las Heliconias Lodge, Volcan Tenorio, Alajuela","10.709","-85.057","call","//www.xeno-canto.org/166191/download","//creativecommons.org/licenses/by-nc-sa/3.0/","//www.xeno-canto.org/166191","C","08:30","2014-01-12","550","//www.xeno-canto.org/sounds/uploaded/PWDLINYMKL/ffts/XC166191-small.png","//www.xeno-canto.org/sounds/uploaded/PWDLINYMKL/ffts/XC166191-med.png","//www.xeno-canto.org/sounds/uploaded/PWDLINYMKL/ffts/XC166191-large.png","//www.xeno-canto.org/sounds/uploaded/PWDLINYMKL/ffts/XC166191-full.png","0:02","2014-02-06","","","yes","no",NA,NA,NA,NA,NA,NA,NA,NA
"137802","Phaethornis","guy","","Green Hermit","Paul Driver","Costa Rica","Monte Verde Cloud Forest Reserve","10.305","-84.79","call","//www.xeno-canto.org/137802/download","//creativecommons.org/licenses/by-nc-sa/3.0/","//www.xeno-canto.org/137802","C","11:38","2013-05-30","1700","//www.xeno-canto.org/sounds/uploaded/FSCGENVPXK/ffts/XC137802-small.png","//www.xeno-canto.org/sounds/uploaded/FSCGENVPXK/ffts/XC137802-med.png","//www.xeno-canto.org/sounds/uploaded/FSCGENVPXK/ffts/XC137802-large.png","//www.xeno-canto.org/sounds/uploaded/FSCGENVPXK/ffts/XC137802-full.png","0:07","2013-06-08","","several in area calling, possible lek","yes","no",NA,NA,NA,NA,NA,NA,NA,NA
"130099","Phaethornis","guy","","Green Hermit","Oscar Humberto Marin-Gomez","Colombia","Parque Regional Barbas-Bremen, Filandia, Quindio. Sector Bremen-La Popa","4.6717","-75.6283","Dawn song, flight call","//www.xeno-canto.org/130099/download","//creativecommons.org/licenses/by-nc-sa/3.0/","//www.xeno-canto.org/130099","C","06:00","2007-11-12","1800","//www.xeno-canto.org/sounds/uploaded/CSUHASNRSU/ffts/XC130099-small.png","//www.xeno-canto.org/sounds/uploaded/CSUHASNRSU/ffts/XC130099-med.png","//www.xeno-canto.org/sounds/uploaded/CSUHASNRSU/ffts/XC130099-large.png","//www.xeno-canto.org/sounds/uploaded/CSUHASNRSU/ffts/XC130099-full.png","0:06","2013-04-18","","Ref: OHM005B 0235. Low Montane Forest. 25m distace to Mic. Natural Vocalization.","yes","no",NA,NA,NA,NA,NA,NA,NA,NA
"130029","Phaethornis","guy","","Green Hermit","Oscar Humberto Marin-Gomez","Colombia","Parque Regional Barbas-Bremen, Filandia, Quindio. Sector Bremen-La Popa","4.6717","-75.6283","flight call","//www.xeno-canto.org/130029/download","//creativecommons.org/licenses/by-nc-sa/3.0/","//www.xeno-canto.org/130029","C","08:55","2007-11-04","1800","//www.xeno-canto.org/sounds/uploaded/CSUHASNRSU/ffts/XC130029-small.png","//www.xeno-canto.org/sounds/uploaded/CSUHASNRSU/ffts/XC130029-med.png","//www.xeno-canto.org/sounds/uploaded/CSUHASNRSU/ffts/XC130029-large.png","//www.xeno-canto.org/sounds/uploaded/CSUHASNRSU/ffts/XC130029-full.png","0:04","2013-04-17","","OHM001B 1634. Un individuo en vuelo, sotobosque. Bosque montano bajo. A 30m del mic. Vocalización natural.","yes","no",NA,NA,NA,NA,NA,NA,NA,NA
"130024","Phaethornis","guy","","Green Hermit","Oscar Humberto Marin-Gomez","Colombia","Parque Regional Barbas-Bremen, Filandia, Quindio. Sector Bremen-La Popa","4.6717","-75.6283","flight call","//www.xeno-canto.org/130024/download","//creativecommons.org/licenses/by-nc-sa/3.0/","//www.xeno-canto.org/130024","C","08:55","2007-11-04","1800","//www.xeno-canto.org/sounds/uploaded/CSUHASNRSU/ffts/XC130024-small.png","//www.xeno-canto.org/sounds/uploaded/CSUHASNRSU/ffts/XC130024-med.png","//www.xeno-canto.org/sounds/uploaded/CSUHASNRSU/ffts/XC130024-large.png","//www.xeno-canto.org/sounds/uploaded/CSUHASNRSU/ffts/XC130024-full.png","0:17","2013-04-17","","OHM001B 0846. Un individuo en vuelo, sotobosque. Bosque montano bajo. A 30m del mic. Vocalización natural.","yes","no",NA,NA,NA,NA,NA,NA,NA,NA
"129717","Phaethornis","guy","","Green Hermit","Oscar Humberto Marin-Gomez","Colombia","Universidad del Quindío, Armenia, Quindio","4.5538","-75.6604","Leking, male, song","//www.xeno-canto.org/129717/download","//creativecommons.org/licenses/by-nc-sa/3.0/","//www.xeno-canto.org/129717","C","07:40","2007-11-07","1500","//www.xeno-canto.org/sounds/uploaded/CSUHASNRSU/ffts/XC129717-small.png","//www.xeno-canto.org/sounds/uploaded/CSUHASNRSU/ffts/XC129717-med.png","//www.xeno-canto.org/sounds/uploaded/CSUHASNRSU/ffts/XC129717-large.png","//www.xeno-canto.org/sounds/uploaded/CSUHASNRSU/ffts/XC129717-full.png","3:43","2013-04-16",NA,"Ref: OHM003A 2107. Grupo de 3 a 5 individuos en sotobosque de Heliconia sp y Calathea sp, perchados a 50cm del suelo o mas bajo. Interior de bosque secundario, dominado por Guadua angustifolia. 10m del Mic. Vocalización natural. En el fondo
canto de la rana cohete: Colostethus fraterdanielli","yes","no","Synallaxis brachyura","Sporophila nigricollis","Pitangus sulphuratus","Rupornis magnirostris",NA,NA,NA,NA
"93214","Phaethornis","guy","","Green Hermit","Tom Stevens","Costa Rica","TCU Research Station","10.2501","-84.5501","Call","//www.xeno-canto.org/93214/download","//creativecommons.org/licenses/by-nc-nd/2.5/","//www.xeno-canto.org/93214","C","06:30","2011-03-18","700","//www.xeno-canto.org/sounds/uploaded/IOGJYLJODK/ffts/XC93214-small.png","//www.xeno-canto.org/sounds/uploaded/IOGJYLJODK/ffts/XC93214-med.png","//www.xeno-canto.org/sounds/uploaded/IOGJYLJODK/ffts/XC93214-large.png","//www.xeno-canto.org/sounds/uploaded/IOGJYLJODK/ffts/XC93214-full.png","0:10","2012-01-21","Catharus mexicanus","Lek, primary forest","unknown","unknown",NA,NA,NA,NA,NA,NA,NA,NA
"28909","Phaethornis","guy","","Green Hermit","Charlie Vogt","Peru","Aguas Verdes, Amazonas ","-5.7134","-77.5829","lekking call","//www.xeno-canto.org/28909/download","//creativecommons.org/licenses/by-nc-nd/2.5/","//www.xeno-canto.org/28909","C","11:00","2008-11-02","1100","//www.xeno-canto.org/sounds/uploaded/NYTXYAQSTH/ffts/XC28909-small.png","//www.xeno-canto.org/sounds/uploaded/NYTXYAQSTH/ffts/XC28909-med.png","//www.xeno-canto.org/sounds/uploaded/NYTXYAQSTH/ffts/XC28909-large.png","//www.xeno-canto.org/sounds/uploaded/NYTXYAQSTH/ffts/XC28909-full.png","0:29","2009-01-20","","","unknown","unknown",NA,NA,NA,NA,NA,NA,NA,NA
"24307","Phaethornis","guy","","Green Hermit","Myornis","Colombia","Cerro de la Paz, nr. Serrania de los Yariguies, mun. Zapatoca Santande","6.9834","-73.4334","Call","//www.xeno-canto.org/24307/download","//creativecommons.org/licenses/by-nc-sa/3.0/","//www.xeno-canto.org/24307","C","xx:xx","2003-01-00","1000","//www.xeno-canto.org/sounds/uploaded/OXSIOLJJUP/ffts/XC24307-small.png","//www.xeno-canto.org/sounds/uploaded/OXSIOLJJUP/ffts/XC24307-med.png","//www.xeno-canto.org/sounds/uploaded/OXSIOLJJUP/ffts/XC24307-large.png","//www.xeno-canto.org/sounds/uploaded/OXSIOLJJUP/ffts/XC24307-full.png","1:15","2008-11-20",NA,"Any ID of other background species appreciated.","unknown","unknown","Patagioenas plumbea","Dysithamnus mentalis","Myioborus miniatus","Hafferia immaculata",NA,NA,NA,NA
"9846","Phaethornis","guy","apicalis","Green Hermit","Allen T. Chartier","Ecuador","Parque Nacional Podocarpus, sector Rio Bombuscaro, Zamora-Chinchipe","-4.1139","-78.9637","Song, lekking","//www.xeno-canto.org/9846/download","//creativecommons.org/licenses/by-nc-sa/3.0/","//www.xeno-canto.org/9846","C","?","1996-11-13","1000","//www.xeno-canto.org/sounds/uploaded/AZXTZTQJRO/ffts/XC9846-small.png","//www.xeno-canto.org/sounds/uploaded/AZXTZTQJRO/ffts/XC9846-med.png","//www.xeno-canto.org/sounds/uploaded/AZXTZTQJRO/ffts/XC9846-large.png","//www.xeno-canto.org/sounds/uploaded/AZXTZTQJRO/ffts/XC9846-full.png","0:24","2008-11-20","","Rushing river in background","unknown","unknown",NA,NA,NA,NA,NA,NA,NA,NA
"144618","Phaethornis","guy","","Green Hermit","Dan Lane","Peru","Afluente, San Martin","-5.6667","-77.7001","song","//www.xeno-canto.org/144618/download","//creativecommons.org/licenses/by-nc-sa/3.0/","//www.xeno-canto.org/144618","D","12:00","2013-06-29","1400","//www.xeno-canto.org/sounds/uploaded/WOEAFQRMUD/ffts/XC144618-small.png","//www.xeno-canto.org/sounds/uploaded/WOEAFQRMUD/ffts/XC144618-med.png","//www.xeno-canto.org/sounds/uploaded/WOEAFQRMUD/ffts/XC144618-large.png","//www.xeno-canto.org/sounds/uploaded/WOEAFQRMUD/ffts/XC144618-full.png","1:41","2013-08-10","Zimmerius viridiflavus","Natural song from one of several unseen birds in dense understory of subtropical/upper tropical forest upslope from road (a P. guy was seen well feeding on flowers beside road here). The song is rather unlike other cuts of P. guy I've heard, and sounds more like P. koepckeae, but as far as I know, that latter species is unknown from the Afluente area, so that leaves me with P. guy, unless perhaps P. malaris gives a song like this in San Martin (and is present so high here).","no","no",NA,NA,NA,NA,NA,NA,NA,NA
"121302","Phaethornis","guy","","Green Hermit","Oscar H. Marín-Gómez","Colombia","Parque Regional Barbas-Bremen, Filandia, Quindio","4.6717","-75.6283","call","//www.xeno-canto.org/121302/download","//creativecommons.org/licenses/by-nc-sa/3.0/","//www.xeno-canto.org/121302","D","08:30","2008-03-18","1900","//www.xeno-canto.org/sounds/uploaded/CSUHASNRSU/ffts/XC121302-small.png","//www.xeno-canto.org/sounds/uploaded/CSUHASNRSU/ffts/XC121302-med.png","//www.xeno-canto.org/sounds/uploaded/CSUHASNRSU/ffts/XC121302-large.png","//www.xeno-canto.org/sounds/uploaded/CSUHASNRSU/ffts/XC121302-full.png","0:33","2013-02-08","","Llamado de estrés luego de ser capturado en red de niebla","yes","no",NA,NA,NA,NA,NA,NA,NA,NA
"92039","Phaethornis","guy","","Green Hermit","Oswaldo Cortes","Colombia","Tena, Laguna de pedro palo, Cundinamarca","4.6501","-74.3834","song","//www.xeno-canto.org/92039/download","//creativecommons.org/licenses/by-nc-nd/2.5/","//www.xeno-canto.org/92039","D","08:00","2011-12-19","2000","//www.xeno-canto.org/sounds/uploaded/VVDRVZCVWW/ffts/XC92039-small.png","//www.xeno-canto.org/sounds/uploaded/VVDRVZCVWW/ffts/XC92039-med.png","//www.xeno-canto.org/sounds/uploaded/VVDRVZCVWW/ffts/XC92039-large.png","//www.xeno-canto.org/sounds/uploaded/VVDRVZCVWW/ffts/XC92039-full.png","0:12","2011-12-26","","On my hand","unknown","unknown",NA,NA,NA,NA,NA,NA,NA,NA
"10357","Phaethornis","guy","","Green Hermit","Wouter Halfwerk","Ecuador","Bombuscaro, Zamora-Chinchipe","-4.06472","-78.94639","song","//www.xeno-canto.org/10357/download","//creativecommons.org/licenses/by-nc-nd/2.5/","//www.xeno-canto.org/10357","D","10:00","2006-10-19","1000","//www.xeno-canto.org/sounds/uploaded/DGHUWNTDBO/ffts/XC10357-small.png","//www.xeno-canto.org/sounds/uploaded/DGHUWNTDBO/ffts/XC10357-med.png","//www.xeno-canto.org/sounds/uploaded/DGHUWNTDBO/ffts/XC10357-large.png","//www.xeno-canto.org/sounds/uploaded/DGHUWNTDBO/ffts/XC10357-full.png","0:21","2008-11-20","","","unknown","unknown",NA,NA,NA,NA,NA,NA,NA,NA
"9847","Phaethornis","guy","apicalis","Green Hermit","Allen T. Chartier","Ecuador","Parque Nacional Podocarpus, sector Rio Bombuscaro, Zamora-Chinchipe","-4.1139","-78.9637","Song, lekking","//www.xeno-canto.org/9847/download","//creativecommons.org/licenses/by-nc-sa/3.0/","//www.xeno-canto.org/9847","D","?","1996-11-13","1000","//www.xeno-canto.org/sounds/uploaded/AZXTZTQJRO/ffts/XC9847-small.png","//www.xeno-canto.org/sounds/uploaded/AZXTZTQJRO/ffts/XC9847-med.png","//www.xeno-canto.org/sounds/uploaded/AZXTZTQJRO/ffts/XC9847-large.png","//www.xeno-canto.org/sounds/uploaded/AZXTZTQJRO/ffts/XC9847-full.png","0:31","2008-11-20","","Rushing river in backgrouind","unknown","unknown",NA,NA,NA,NA,NA,NA,NA,NA
"475756","Phaethornis","hispidus","","White-bearded Hermit","Jerome Fischer","Ecuador","Sani Lodge, Sucumbíos","-0.4383","-76.2791","flight call","//www.xeno-canto.org/475756/download","//creativecommons.org/licenses/by-nc-sa/4.0/","//www.xeno-canto.org/475756","no score","09:00","2019-05-17","240","//www.xeno-canto.org/sounds/uploaded/JPBSNBUUEF/ffts/XC475756-small.png","//www.xeno-canto.org/sounds/uploaded/JPBSNBUUEF/ffts/XC475756-med.png","//www.xeno-canto.org/sounds/uploaded/JPBSNBUUEF/ffts/XC475756-large.png","//www.xeno-canto.org/sounds/uploaded/JPBSNBUUEF/ffts/XC475756-full.png","0:09","2019-05-20","","","yes","no",NA,NA,NA,NA,NA,NA,NA,NA
"400021","Phaethornis","hispidus","","White-bearded Hermit","Richard Hoyer","Brazil","Cristalino Jungle Lodge, MT","-9.5981","-55.932","call, flight call","//www.xeno-canto.org/400021/download","//creativecommons.org/licenses/by-nc-sa/4.0/","//www.xeno-canto.org/400021","A","09:00","2018-01-21","260","//www.xeno-canto.org/sounds/uploaded/SRRRBQPENI/ffts/XC400021-small.png","//www.xeno-canto.org/sounds/uploaded/SRRRBQPENI/ffts/XC400021-med.png","//www.xeno-canto.org/sounds/uploaded/SRRRBQPENI/ffts/XC400021-large.png","//www.xeno-canto.org/sounds/uploaded/SRRRBQPENI/ffts/XC400021-full.png","0:14","2018-01-21","","Just happened to have microphone pointing in the right direction when the bird came in to investigate me, hovering on a couple meters away. Seems to be the most common large Phaethornis here.","yes","no",NA,NA,NA,NA,NA,NA,NA,NA
"257794","Phaethornis","hispidus","","White-bearded Hermit","John V. Moore","Peru","Loreto: between Iquitos and mouth of Río Napo","-3.6","-73.15","song","//www.xeno-canto.org/257794/download","//creativecommons.org/licenses/by-nc-sa/4.0/","//www.xeno-canto.org/257794","A","?","1997-01-00","100","//www.xeno-canto.org/sounds/uploaded/YKKDTZHLUU/ffts/XC257794-small.png","//www.xeno-canto.org/sounds/uploaded/YKKDTZHLUU/ffts/XC257794-med.png","//www.xeno-canto.org/sounds/uploaded/YKKDTZHLUU/ffts/XC257794-large.png","//www.xeno-canto.org/sounds/uploaded/YKKDTZHLUU/ffts/XC257794-full.png","0:18","2015-07-16","","<a href=http://johnvmoorenaturerecordings.com/pubs/ECUAD/main.htm>Moore et al. 2013: Bird Sounds of Ecuador DVD </a>","unknown","no",NA,NA,NA,NA,NA,NA,NA,NA
"102623","Phaethornis","hispidus","","White-bearded Hermit","Fabrice Schmitt","Peru","ExploNapo","-3.2653","-72.9295","song","//www.xeno-canto.org/102623/download","//creativecommons.org/licenses/by-nc-nd/2.5/","//www.xeno-canto.org/102623","A","8:00 AM","2010-10-04","?","//www.xeno-canto.org/sounds/uploaded/FPAGKPAQYO/ffts/XC102623-small.png","//www.xeno-canto.org/sounds/uploaded/FPAGKPAQYO/ffts/XC102623-med.png","//www.xeno-canto.org/sounds/uploaded/FPAGKPAQYO/ffts/XC102623-large.png","//www.xeno-canto.org/sounds/uploaded/FPAGKPAQYO/ffts/XC102623-full.png","0:24","2012-05-30","","lek","unknown","unknown",NA,NA,NA,NA,NA,NA,NA,NA
"102622","Phaethornis","hispidus","","White-bearded Hermit","Fabrice Schmitt","Peru","Amazonia Lodge","-12.8659","-71.367","song","//www.xeno-canto.org/102622/download","//creativecommons.org/licenses/by-nc-nd/2.5/","//www.xeno-canto.org/102622","A","11:00 AM","2011-07-27","500","//www.xeno-canto.org/sounds/uploaded/FPAGKPAQYO/ffts/XC102622-small.png","//www.xeno-canto.org/sounds/uploaded/FPAGKPAQYO/ffts/XC102622-med.png","//www.xeno-canto.org/sounds/uploaded/FPAGKPAQYO/ffts/XC102622-large.png","//www.xeno-canto.org/sounds/uploaded/FPAGKPAQYO/ffts/XC102622-full.png","0:31","2012-05-30","","without playback","unknown","unknown",NA,NA,NA,NA,NA,NA,NA,NA
"91508","Phaethornis","hispidus","","White-bearded Hermit","Daniel Lane","Peru","Portillo, S of Iberia, Madre de Dios","-11.476","-69.519","song","//www.xeno-canto.org/91508/download","//creativecommons.org/licenses/by-nc-nd/2.5/","//www.xeno-canto.org/91508","A","06:15","2011-11-17","300","//www.xeno-canto.org/sounds/uploaded/WOEAFQRMUD/ffts/XC91508-small.png","//www.xeno-canto.org/sounds/uploaded/WOEAFQRMUD/ffts/XC91508-med.png","//www.xeno-canto.org/sounds/uploaded/WOEAFQRMUD/ffts/XC91508-large.png","//www.xeno-canto.org/sounds/uploaded/WOEAFQRMUD/ffts/XC91508-full.png","1:14","2011-12-15",NA,"Natural song from the same bird as XC91505. Singing unseen from a perch <1m up in understory in taller, broken-canopy forest. img:http://www.flickr.com/photos/8013969@N03/6402056925","unknown","unknown","Amazona farinosa","Monasa morphoeus","Trogon melanurus","Dryocopus lineatus","Xiphorhynchus guttatus","Psarocolius decumanus",NA,NA
"88586","Phaethornis","hispidus","","White-bearded Hermit","David Geale","Peru","Amazon Manu Lodge, Madre de Dios","-12.335","-70.7262","Flight call and wing noise","//www.xeno-canto.org/88586/download","//creativecommons.org/licenses/by-nc-nd/2.5/","//www.xeno-canto.org/88586","A","5:44","2011-10-11","260","//www.xeno-canto.org/sounds/uploaded/SBFBVYGIJC/ffts/XC88586-small.png","//www.xeno-canto.org/sounds/uploaded/SBFBVYGIJC/ffts/XC88586-med.png","//www.xeno-canto.org/sounds/uploaded/SBFBVYGIJC/ffts/XC88586-large.png","//www.xeno-canto.org/sounds/uploaded/SBFBVYGIJC/ffts/XC88586-full.png","0:13","2011-10-14","","Hovering 1 m. in front of me, flying off at end. Terra firme.","unknown","unknown",NA,NA,NA,NA,NA,NA,NA,NA
"257795","Phaethornis","hispidus","","White-bearded Hermit","John V. Moore","Ecuador","Sucumbíos: 'La Selva Jungle Lodge', n bank Río Napo","-0.498","-76.373","flight calls","//www.xeno-canto.org/257795/download","//creativecommons.org/licenses/by-nc-sa/4.0/","//www.xeno-canto.org/257795","B","?","1993-03-00","220","//www.xeno-canto.org/sounds/uploaded/YKKDTZHLUU/ffts/XC257795-small.png","//www.xeno-canto.org/sounds/uploaded/YKKDTZHLUU/ffts/XC257795-med.png","//www.xeno-canto.org/sounds/uploaded/YKKDTZHLUU/ffts/XC257795-large.png","//www.xeno-canto.org/sounds/uploaded/YKKDTZHLUU/ffts/XC257795-full.png","0:08","2015-07-16",NA,"<a href=http://johnvmoorenaturerecordings.com/pubs/ECUAD/main.htm>Moore et al. 2013: Bird Sounds of Ecuador DVD </a>Edited","unknown","no","Ramphastos tucanus","Leptotila rufaxilla",NA,NA,NA,NA,NA,NA
"144800","Phaethornis","hispidus","","White-bearded Hermit","Dan Lane","Peru","Isla Islandia, Loreto","-3.5128","-72.4948","flight call","//www.xeno-canto.org/144800/download","//creativecommons.org/licenses/by-nc-sa/3.0/","//www.xeno-canto.org/144800","B","08:30","2013-07-31","80","//www.xeno-canto.org/sounds/uploaded/WOEAFQRMUD/ffts/XC144800-small.png","//www.xeno-canto.org/sounds/uploaded/WOEAFQRMUD/ffts/XC144800-med.png","//www.xeno-canto.org/sounds/uploaded/WOEAFQRMUD/ffts/XC144800-large.png","//www.xeno-canto.org/sounds/uploaded/WOEAFQRMUD/ffts/XC144800-full.png","0:08","2013-08-12",NA,"Unseen flyby near Cecropia stand by agricultural plots on old river island.","no","no","Melanerpes cruentatus","Myrmoborus lugubris",NA,NA,NA,NA,NA,NA
"95003","Phaethornis","hispidus","","White-bearded Hermit","Daniel Lane","Ecuador","Sacha Lodge, Sucumbios","-0.4714","-76.4603","song","//www.xeno-canto.org/95003/download","//creativecommons.org/licenses/by-nc-nd/2.5/","//www.xeno-canto.org/95003","B","07:35","2009-07-06","250","//www.xeno-canto.org/sounds/uploaded/WOEAFQRMUD/ffts/XC95003-small.png","//www.xeno-canto.org/sounds/uploaded/WOEAFQRMUD/ffts/XC95003-med.png","//www.xeno-canto.org/sounds/uploaded/WOEAFQRMUD/ffts/XC95003-large.png","//www.xeno-canto.org/sounds/uploaded/WOEAFQRMUD/ffts/XC95003-full.png","0:09","2012-02-20","","Natural song from a bird sitting about 2.5m up in flooded forest.","unknown","unknown",NA,NA,NA,NA,NA,NA,NA,NA
"91507","Phaethornis","hispidus","","White-bearded Hermit","Daniel Lane","Peru","Portillo, S of Iberia, Madre de Dios","-11.476","-69.519","song","//www.xeno-canto.org/91507/download","//creativecommons.org/licenses/by-nc-nd/2.5/","//www.xeno-canto.org/91507","B","06:15","2011-11-17","300","//www.xeno-canto.org/sounds/uploaded/WOEAFQRMUD/ffts/XC91507-small.png","//www.xeno-canto.org/sounds/uploaded/WOEAFQRMUD/ffts/XC91507-med.png","//www.xeno-canto.org/sounds/uploaded/WOEAFQRMUD/ffts/XC91507-large.png","//www.xeno-canto.org/sounds/uploaded/WOEAFQRMUD/ffts/XC91507-full.png","1:41","2011-12-15",NA,"Natural song from the same bird as XC91505. Singing unseen from a perch <1m up in understory in taller, broken-canopy forest. img:http://www.flickr.com/photos/8013969@N03/6402056925","unknown","unknown","Amazona farinosa","Legatus leucophaius","Monasa morphoeus","Psarocolius decumanus","Pheugopedius genibarbis",NA,NA,NA
"91505","Phaethornis","hispidus","","White-bearded Hermit","Daniel Lane","Peru","Portillo, S of Iberia, Madre de Dios","-11.476","-69.519","call","//www.xeno-canto.org/91505/download","//creativecommons.org/licenses/by-nc-nd/2.5/","//www.xeno-canto.org/91505","B","06:10","2011-11-17","300","//www.xeno-canto.org/sounds/uploaded/WOEAFQRMUD/ffts/XC91505-small.png","//www.xeno-canto.org/sounds/uploaded/WOEAFQRMUD/ffts/XC91505-med.png","//www.xeno-canto.org/sounds/uploaded/WOEAFQRMUD/ffts/XC91505-large.png","//www.xeno-canto.org/sounds/uploaded/WOEAFQRMUD/ffts/XC91505-full.png","0:17","2011-12-15","Amazona ochrocephala","Natural call from a bird as it hovered after chasing of a Hylocharis cyanus, then perched and wagged tail. About 3m up in understory at gap edge in taller, broken-canopy forest. img:http://www.flickr.com/photos/8013969@N03/6402056925","unknown","unknown",NA,NA,NA,NA,NA,NA,NA,NA
"74017","Phaethornis","hispidus","","White-bearded Hermit","Joseph Tobias and Nathalie Seddon","Bolivia","Cachuela Esperanza, Beni,  BO","-10.53816667","-65.59283333","song","//www.xeno-canto.org/74017/download","//creativecommons.org/licenses/by-nc-sa/3.0/","//www.xeno-canto.org/74017","B","07:00","2005-10-07","150","//www.xeno-canto.org/sounds/uploaded/IKMWQIXRNV/ffts/XC74017-small.png","//www.xeno-canto.org/sounds/uploaded/IKMWQIXRNV/ffts/XC74017-med.png","//www.xeno-canto.org/sounds/uploaded/IKMWQIXRNV/ffts/XC74017-large.png","//www.xeno-canto.org/sounds/uploaded/IKMWQIXRNV/ffts/XC74017-full.png","0:09","2011-03-23","","track T33. Habitat: Degraded, riverine, viney, low stature forest. Weather: Overcast, humid. Perch height: 2m. Distance to observer: 10m. Id-ed by: Voice. Sex of main vocalizer: M?. Number vocalizing: 1.","unknown","unknown",NA,NA,NA,NA,NA,NA,NA,NA
"66649","Phaethornis","hispidus","","White-bearded Hermit","Jeremy Minns","Brazil","Reserva Extrativista Alto Juruá. Pedra Pintada","-9.3828","-72.7106","call","//www.xeno-canto.org/66649/download","//creativecommons.org/licenses/by-nc-nd/2.5/","//www.xeno-canto.org/66649","B","7:30","1999-09-13","230","//www.xeno-canto.org/sounds/uploaded/DGVLLRYDXS/ffts/XC66649-small.png","//www.xeno-canto.org/sounds/uploaded/DGVLLRYDXS/ffts/XC66649-med.png","//www.xeno-canto.org/sounds/uploaded/DGVLLRYDXS/ffts/XC66649-large.png","//www.xeno-canto.org/sounds/uploaded/DGVLLRYDXS/ffts/XC66649-full.png","0:15","2010-12-17","Myrmoborus myotherinus","Várzea forest. Male after playback.","unknown","unknown",NA,NA,NA,NA,NA,NA,NA,NA
"63850","Phaethornis","hispidus","","White-bearded Hermit","Joseph Tobias and Nathalie Seddon","Peru","Cocha Cashu Biological Station, Manu National Park","-11.8667","-71.3667","call","//www.xeno-canto.org/63850/download","//creativecommons.org/licenses/by-nc-sa/3.0/","//www.xeno-canto.org/63850","B","?:?","2001-09-25","?","//www.xeno-canto.org/sounds/uploaded/IKMWQIXRNV/ffts/XC63850-small.png","//www.xeno-canto.org/sounds/uploaded/IKMWQIXRNV/ffts/XC63850-med.png","//www.xeno-canto.org/sounds/uploaded/IKMWQIXRNV/ffts/XC63850-large.png","//www.xeno-canto.org/sounds/uploaded/IKMWQIXRNV/ffts/XC63850-full.png","0:17","2010-10-15","","Series of call notes from displaying male. Habitat: Evergreen lowland forest, Flood plain forest. Ref: CC11A705","unknown","unknown",NA,NA,NA,NA,NA,NA,NA,NA
"63849","Phaethornis","hispidus","","White-bearded Hermit","Joseph Tobias and Nathalie Seddon","Peru","Cocha Cashu Biological Station, Manu National Park","-11.8667","-71.3667","song","//www.xeno-canto.org/63849/download","//creativecommons.org/licenses/by-nc-sa/3.0/","//www.xeno-canto.org/63849","B","?:?","2001-10-02","350","//www.xeno-canto.org/sounds/uploaded/IKMWQIXRNV/ffts/XC63849-small.png","//www.xeno-canto.org/sounds/uploaded/IKMWQIXRNV/ffts/XC63849-med.png","//www.xeno-canto.org/sounds/uploaded/IKMWQIXRNV/ffts/XC63849-large.png","//www.xeno-canto.org/sounds/uploaded/IKMWQIXRNV/ffts/XC63849-full.png","0:18","2010-10-15","","long series of call notes by displaying male. Habitat: Evergreen lowland forest, Flood plain forest. Ref: CC12A516","unknown","unknown",NA,NA,NA,NA,NA,NA,NA,NA
"63848","Phaethornis","hispidus","","White-bearded Hermit","Joseph Tobias and Nathalie Seddon","Peru","Cocha Cashu Biological Station, Manu National Park","-11.8667","-71.3667","song","//www.xeno-canto.org/63848/download","//creativecommons.org/licenses/by-nc-sa/3.0/","//www.xeno-canto.org/63848","B","?:?","2001-09-30","?","//www.xeno-canto.org/sounds/uploaded/IKMWQIXRNV/ffts/XC63848-small.png","//www.xeno-canto.org/sounds/uploaded/IKMWQIXRNV/ffts/XC63848-med.png","//www.xeno-canto.org/sounds/uploaded/IKMWQIXRNV/ffts/XC63848-large.png","//www.xeno-canto.org/sounds/uploaded/IKMWQIXRNV/ffts/XC63848-full.png","0:24","2010-10-15","","long series of call notes. Habitat: Evergreen lowland forest, Flood plain forest. Ref: CC9B462","unknown","unknown",NA,NA,NA,NA,NA,NA,NA,NA
"43077","Phaethornis","hispidus","","White-bearded Hermit","Jacob Socolar","Peru","Cocha Cashu, Madre de Dios","-11.8667","-71.3667","call","//www.xeno-canto.org/43077/download","//creativecommons.org/licenses/by-nc-nd/2.5/","//www.xeno-canto.org/43077","B","?","2009-08-00","300","//www.xeno-canto.org/sounds/uploaded/OVSRKOPXGK/ffts/XC43077-small.png","//www.xeno-canto.org/sounds/uploaded/OVSRKOPXGK/ffts/XC43077-med.png","//www.xeno-canto.org/sounds/uploaded/OVSRKOPXGK/ffts/XC43077-large.png","//www.xeno-canto.org/sounds/uploaded/OVSRKOPXGK/ffts/XC43077-full.png","0:12","2010-01-21","","On lek","unknown","unknown",NA,NA,NA,NA,NA,NA,NA,NA
"11798","Phaethornis","hispidus","","White-bearded Hermit","Frank Lambert","Peru","Cocha Cashu, Madre de Dios","-11.8667","-71.3667","song","//www.xeno-canto.org/11798/download","//creativecommons.org/licenses/by-nc-nd/4.0/","//www.xeno-canto.org/11798","B","?","2003-08-19","250?","//www.xeno-canto.org/sounds/uploaded/YTUXOCTUEM/ffts/XC11798-small.png","//www.xeno-canto.org/sounds/uploaded/YTUXOCTUEM/ffts/XC11798-med.png","//www.xeno-canto.org/sounds/uploaded/YTUXOCTUEM/ffts/XC11798-large.png","//www.xeno-canto.org/sounds/uploaded/YTUXOCTUEM/ffts/XC11798-full.png","0:39","2008-11-20","Akletos goeldii","","unknown","unknown",NA,NA,NA,NA,NA,NA,NA,NA
"374584","Phaethornis","hispidus","","White-bearded Hermit","Jacob Socolar","Peru","Requena: sendero a Contamanía","-5.0494","-73.8666","flight call","//www.xeno-canto.org/374584/download","//creativecommons.org/licenses/by-nc-sa/4.0/","//www.xeno-canto.org/374584","C","07:09","2014-09-21","100","//www.xeno-canto.org/sounds/uploaded/OVSRKOPXGK/ffts/XC374584-small.png","//www.xeno-canto.org/sounds/uploaded/OVSRKOPXGK/ffts/XC374584-med.png","//www.xeno-canto.org/sounds/uploaded/OVSRKOPXGK/ffts/XC374584-large.png","//www.xeno-canto.org/sounds/uploaded/OVSRKOPXGK/ffts/XC374584-full.png","0:06","2017-06-09","","Calls from unseen bird on degraded floodplain.","no","no",NA,NA,NA,NA,NA,NA,NA,NA
"245230","Phaethornis","hispidus","","White-bearded Hermit","Oscar Humberto Marín Gómez","Colombia","Bosque El Algarrobo, Vereda San Pedro, Tamara, Casanare","5.76","-72.2","flight call","//www.xeno-canto.org/245230/download","//creativecommons.org/licenses/by-nc-sa/3.0/","//www.xeno-canto.org/245230","C","10:05","2015-03-21","560","//www.xeno-canto.org/sounds/uploaded/CSUHASNRSU/ffts/XC245230-small.png","//www.xeno-canto.org/sounds/uploaded/CSUHASNRSU/ffts/XC245230-med.png","//www.xeno-canto.org/sounds/uploaded/CSUHASNRSU/ffts/XC245230-large.png","//www.xeno-canto.org/sounds/uploaded/CSUHASNRSU/ffts/XC245230-full.png","0:17","2015-05-23","","Un individuo en vuelo. ID accurancy: 90%. Habitat: Dosel de Bosque secundario. Distance to mic: 20 m. Tascam DR-100MKII, Sennheiser ME66.Reference:150321_2095C","yes","no",NA,NA,NA,NA,NA,NA,NA,NA
"118833","Phaethornis","hispidus","","White-bearded Hermit","GABRIEL LEITE","Brazil","Porto Velho, Rondônia","-9.0343","-64.1382","flight call","//www.xeno-canto.org/118833/download","//creativecommons.org/licenses/by-nc-sa/3.0/","//www.xeno-canto.org/118833","C","09:30","2011-10-22","110","//www.xeno-canto.org/sounds/uploaded/TGBFXDVERJ/ffts/XC118833-small.png","//www.xeno-canto.org/sounds/uploaded/TGBFXDVERJ/ffts/XC118833-med.png","//www.xeno-canto.org/sounds/uploaded/TGBFXDVERJ/ffts/XC118833-large.png","//www.xeno-canto.org/sounds/uploaded/TGBFXDVERJ/ffts/XC118833-full.png","0:13","2013-01-22","","","yes","no",NA,NA,NA,NA,NA,NA,NA,NA
"69017","Phaethornis","hispidus","","White-bearded Hermit","Frank Lambert","Brazil","Mato Grosso; Rio Teles Peres, near Rio Cristalino","-9.64","-55.94","song","//www.xeno-canto.org/69017/download","//creativecommons.org/licenses/by-nc-nd/4.0/","//www.xeno-canto.org/69017","C","?:?","2004-05-19","240","//www.xeno-canto.org/sounds/uploaded/YTUXOCTUEM/ffts/XC69017-small.png","//www.xeno-canto.org/sounds/uploaded/YTUXOCTUEM/ffts/XC69017-med.png","//www.xeno-canto.org/sounds/uploaded/YTUXOCTUEM/ffts/XC69017-large.png","//www.xeno-canto.org/sounds/uploaded/YTUXOCTUEM/ffts/XC69017-full.png","0:37","2011-01-06","Lipaugus vociferans","Previously published on AVoCet as <a href=http://avocet.zoology.msu.edu/recordings/10174>AV10174</a>.  Certainty: 100%.  ID determined by: not specifically indicated; recordist normally sees birds recorded and indicates if any question; similar to 2 XC cuts. GPS: Google Earth. could be calls","unknown","unknown",NA,NA,NA,NA,NA,NA,NA,NA
"28108","Phaethornis","hispidus","","White-bearded Hermit","David Geale","Peru","Explorama Lodge, Loreto","-3.4501","-72.8801","Song","//www.xeno-canto.org/28108/download","//creativecommons.org/licenses/by-nc-nd/2.5/","//www.xeno-canto.org/28108","C","15:25","2008-12-30","100","//www.xeno-canto.org/sounds/uploaded/SBFBVYGIJC/ffts/XC28108-small.png","//www.xeno-canto.org/sounds/uploaded/SBFBVYGIJC/ffts/XC28108-med.png","//www.xeno-canto.org/sounds/uploaded/SBFBVYGIJC/ffts/XC28108-large.png","//www.xeno-canto.org/sounds/uploaded/SBFBVYGIJC/ffts/XC28108-full.png","0:59","2009-01-10","","","unknown","unknown",NA,NA,NA,NA,NA,NA,NA,NA
"497036","Phaethornis","longirostris","","Long-billed Hermit","Jerome Fischer","Panama","Achiote Road, Colón Province","9.2003","-79.9837","song","//www.xeno-canto.org/497036/download","//creativecommons.org/licenses/by-nc-sa/4.0/","//www.xeno-canto.org/497036","no score","09:30","2019-02-10","30","//www.xeno-canto.org/sounds/uploaded/JPBSNBUUEF/ffts/XC497036-small.png","//www.xeno-canto.org/sounds/uploaded/JPBSNBUUEF/ffts/XC497036-med.png","//www.xeno-canto.org/sounds/uploaded/JPBSNBUUEF/ffts/XC497036-large.png","//www.xeno-canto.org/sounds/uploaded/JPBSNBUUEF/ffts/XC497036-full.png","0:27","2019-09-13","","","yes","no",NA,NA,NA,NA,NA,NA,NA,NA
"495384","Phaethornis","longirostris","cephalus","Long-billed Hermit","Guy Kirwan","Panama","Panama Rainforest Discovery Centre","9.1314","-79.7235","call","//www.xeno-canto.org/495384/download","//creativecommons.org/licenses/by-nc-sa/4.0/","//www.xeno-canto.org/495384","A","09:00","2019-07-04","70","//www.xeno-canto.org/sounds/uploaded/BZVYBRUAAE/ffts/XC495384-small.png","//www.xeno-canto.org/sounds/uploaded/BZVYBRUAAE/ffts/XC495384-med.png","//www.xeno-canto.org/sounds/uploaded/BZVYBRUAAE/ffts/XC495384-large.png","//www.xeno-canto.org/sounds/uploaded/BZVYBRUAAE/ffts/XC495384-full.png","0:49","2019-09-01","","Lek with up to three different individuals. Focal bird was perched 1.5 m above ground on a 45-degree angle twig.","yes","no",NA,NA,NA,NA,NA,NA,NA,NA
"433645","Phaethornis","longirostris","","Long-billed Hermit","Oscar Campbell","Panama","Panama Rainforest Discovery Centre","9.1314","-79.7235","song","//www.xeno-canto.org/433645/download","//creativecommons.org/licenses/by-nc-sa/4.0/","//www.xeno-canto.org/433645","A","08:30","2018-07-10","70","//www.xeno-canto.org/sounds/uploaded/RFRTVEHIZX/ffts/XC433645-small.png","//www.xeno-canto.org/sounds/uploaded/RFRTVEHIZX/ffts/XC433645-med.png","//www.xeno-canto.org/sounds/uploaded/RFRTVEHIZX/ffts/XC433645-large.png","//www.xeno-canto.org/sounds/uploaded/RFRTVEHIZX/ffts/XC433645-full.png","0:58","2018-09-09","","Male seen on lek; 3 feet above ground in gap in undergrowth. Calling incessantly and quivering tail as doing so. Other lekking birds in immediate vicinity.","yes","no",NA,NA,NA,NA,NA,NA,NA,NA
"402755","Phaethornis","longirostris","","Long-billed Hermit","Marilyn Castillo","Mexico","Boca de Chajul, Marqués de Comillas, Chiapas","16.1332","-90.9381","alarm call","//www.xeno-canto.org/402755/download","//creativecommons.org/licenses/by-nc-nd/4.0/","//www.xeno-canto.org/402755","A","07:30","2016-01-18","180","//www.xeno-canto.org/sounds/uploaded/CHRIDPJVMH/ffts/XC402755-small.png","//www.xeno-canto.org/sounds/uploaded/CHRIDPJVMH/ffts/XC402755-med.png","//www.xeno-canto.org/sounds/uploaded/CHRIDPJVMH/ffts/XC402755-large.png","//www.xeno-canto.org/sounds/uploaded/CHRIDPJVMH/ffts/XC402755-full.png","0:03","2018-02-14","","","yes","no",NA,NA,NA,NA,NA,NA,NA,NA
"355350","Phaethornis","longirostris","","Long-billed Hermit","Kent Livezey","Panama","Torti, San Francisco Nature Reserve, Panama ","8.939","-78.465","song","//www.xeno-canto.org/355350/download","//creativecommons.org/licenses/by-nc-sa/4.0/","//www.xeno-canto.org/355350","A","09:12","2017-02-09","320","//www.xeno-canto.org/sounds/uploaded/SZFQBBYSTI/ffts/XC355350-small.png","//www.xeno-canto.org/sounds/uploaded/SZFQBBYSTI/ffts/XC355350-med.png","//www.xeno-canto.org/sounds/uploaded/SZFQBBYSTI/ffts/XC355350-large.png","//www.xeno-canto.org/sounds/uploaded/SZFQBBYSTI/ffts/XC355350-full.png","2:03","2017-02-11","Icterus chrysater","I was within 5 m of this singing hermit.","yes","no",NA,NA,NA,NA,NA,NA,NA,NA
"282529","Phaethornis","longirostris","baroni","Long-billed Hermit","Karl S. Berg","Ecuador","Manabí: ""Tito Santos Biological Station""","-0.15","-80.2","song at lek","//www.xeno-canto.org/282529/download","//creativecommons.org/licenses/by-nc-sa/4.0/","//www.xeno-canto.org/282529","A","08:24","2002-05-28","50","//www.xeno-canto.org/sounds/uploaded/GTUEABVNSS/ffts/XC282529-small.png","//www.xeno-canto.org/sounds/uploaded/GTUEABVNSS/ffts/XC282529-med.png","//www.xeno-canto.org/sounds/uploaded/GTUEABVNSS/ffts/XC282529-large.png","//www.xeno-canto.org/sounds/uploaded/GTUEABVNSS/ffts/XC282529-full.png","0:20","2015-09-24","","<a href=http://johnvmoorenaturerecordings.com/pubs/ECUAD/main.htm>Moore et al. 2013: Bird Sounds of Ecuador DVD </a>","unknown","no",NA,NA,NA,NA,NA,NA,NA,NA
"274377","Phaethornis","longirostris","","Long-billed Hermit","Peter Boesman","Costa Rica","La Selva biological station, Heredia","10.43","-84","song","//www.xeno-canto.org/274377/download","//creativecommons.org/licenses/by-nc-nd/4.0/","//www.xeno-canto.org/274377","A","08:20","2010-03-14","","//www.xeno-canto.org/sounds/uploaded/OOECIWCSWV/ffts/XC274377-small.png","//www.xeno-canto.org/sounds/uploaded/OOECIWCSWV/ffts/XC274377-med.png","//www.xeno-canto.org/sounds/uploaded/OOECIWCSWV/ffts/XC274377-large.png","//www.xeno-canto.org/sounds/uploaded/OOECIWCSWV/ffts/XC274377-full.png","0:47","2015-08-27","Henicorhina leucosticta","(Background: White-breasted Wood Wren)","unknown","unknown",NA,NA,NA,NA,NA,NA,NA,NA
"271499","Phaethornis","longirostris","","Long-billed Hermit","Peter Boesman","Panama","Panama Rainforest discovery center","9.136797","-79.72363","song","//www.xeno-canto.org/271499/download","//creativecommons.org/licenses/by-nc-nd/4.0/","//www.xeno-canto.org/271499","A","14:00","2015-02-25","","//www.xeno-canto.org/sounds/uploaded/OOECIWCSWV/ffts/XC271499-small.png","//www.xeno-canto.org/sounds/uploaded/OOECIWCSWV/ffts/XC271499-med.png","//www.xeno-canto.org/sounds/uploaded/OOECIWCSWV/ffts/XC271499-large.png","//www.xeno-canto.org/sounds/uploaded/OOECIWCSWV/ffts/XC271499-full.png","0:36","2015-08-26","","","unknown","unknown",NA,NA,NA,NA,NA,NA,NA,NA
"154138","Phaethornis","longirostris","","Long-billed Hermit","Marcelo Araya-Salas","Costa Rica","La Selva Biological Station, Sarapiqui, Heredia","10.430488","-84.00628","song","//www.xeno-canto.org/154138/download","//creativecommons.org/licenses/by-nc-sa/3.0/","//www.xeno-canto.org/154138","A","14:18","2010-05-21","","//www.xeno-canto.org/sounds/uploaded/EMCWQLLKEW/ffts/XC154138-small.png","//www.xeno-canto.org/sounds/uploaded/EMCWQLLKEW/ffts/XC154138-med.png","//www.xeno-canto.org/sounds/uploaded/EMCWQLLKEW/ffts/XC154138-large.png","//www.xeno-canto.org/sounds/uploaded/EMCWQLLKEW/ffts/XC154138-full.png","2:58","2013-11-11","","Recording equipment: Marantz Pmd 660+sennheiser ME67. Comments: individuo-AK; lek-Sura. Primera parte de grabacion CK. Luego de la pausa podria ser otro individuo. La otra percha marcada el 21/05 en la manana cerca de R14, a escasos 10 m al N. To access original .WAV file contact marceloa27(at)gmail.com","yes","no",NA,NA,NA,NA,NA,NA,NA,NA
"154129","Phaethornis","longirostris","","Long-billed Hermit","Marcelo Araya-Salas","Costa Rica","La Selva Biological Station, Sarapiqui, Heredia","10.430488","-84.00628","song","//www.xeno-canto.org/154129/download","//creativecommons.org/licenses/by-nc-sa/3.0/","//www.xeno-canto.org/154129","A","10:09","2010-05-21","","//www.xeno-canto.org/sounds/uploaded/EMCWQLLKEW/ffts/XC154129-small.png","//www.xeno-canto.org/sounds/uploaded/EMCWQLLKEW/ffts/XC154129-med.png","//www.xeno-canto.org/sounds/uploaded/EMCWQLLKEW/ffts/XC154129-large.png","//www.xeno-canto.org/sounds/uploaded/EMCWQLLKEW/ffts/XC154129-full.png","2:25","2013-11-11","","Recording equipment: Marantz Pmd 660+sennheiser ME67. Comments: individuo-AK; lek-Sura. video 511, revisar. 9 metros de distancia. Percha de 2 m. al costado NO de casa 1. Interacccion agresiva. Un macho desplaza a otro. To access original .WAV file contact marceloa27(at)gmail.com","yes","no",NA,NA,NA,NA,NA,NA,NA,NA
"154072","Phaethornis","longirostris","","Long-billed Hermit","Marcelo Araya-Salas","Costa Rica","La Selva Biological Station, Sarapiqui, Heredia","10.430488","-84.00628","song","//www.xeno-canto.org/154072/download","//creativecommons.org/licenses/by-nc-sa/3.0/","//www.xeno-canto.org/154072","A","7:05","2010-05-28","","//www.xeno-canto.org/sounds/uploaded/EMCWQLLKEW/ffts/XC154072-small.png","//www.xeno-canto.org/sounds/uploaded/EMCWQLLKEW/ffts/XC154072-med.png","//www.xeno-canto.org/sounds/uploaded/EMCWQLLKEW/ffts/XC154072-large.png","//www.xeno-canto.org/sounds/uploaded/EMCWQLLKEW/ffts/XC154072-full.png","3:09","2013-11-11","","Recording equipment: Marantz Pmd 660+sennheiser ME67. Comments: individuo-VA; lek-CCL. en percha ded VA, probablemente VA. Luego se observó bien VA y grabó en la misma percha. En percha 6VA.. To access original .WAV file contact marceloa27(at)gmail.com","yes","no",NA,NA,NA,NA,NA,NA,NA,NA
"107762","Phaethornis","longirostris","","Long-billed Hermit","Klemens Steiof","Panama","Pipeline Road, Panama","9.1332","-79.7195","song","//www.xeno-canto.org/107762/download","//creativecommons.org/licenses/by-nc-nd/2.5/","//www.xeno-canto.org/107762","A","?","2012-02-19","70","//www.xeno-canto.org/sounds/uploaded/EMRFEGZSFE/ffts/XC107762-small.png","//www.xeno-canto.org/sounds/uploaded/EMRFEGZSFE/ffts/XC107762-med.png","//www.xeno-canto.org/sounds/uploaded/EMRFEGZSFE/ffts/XC107762-large.png","//www.xeno-canto.org/sounds/uploaded/EMRFEGZSFE/ffts/XC107762-full.png","0:24","2012-08-20","","","unknown","unknown",NA,NA,NA,NA,NA,NA,NA,NA
"31906","Phaethornis","longirostris","","Long-billed Hermit","Andrew Spencer","Panama","Pipeline Road, Colon","9.1667","-79.7667","lekking","//www.xeno-canto.org/31906/download","//creativecommons.org/licenses/by-nc-nd/2.5/","//www.xeno-canto.org/31906","A","09:00","2009-03-19","50","//www.xeno-canto.org/sounds/uploaded/CDTGHVBGZP/ffts/XC31906-small.png","//www.xeno-canto.org/sounds/uploaded/CDTGHVBGZP/ffts/XC31906-med.png","//www.xeno-canto.org/sounds/uploaded/CDTGHVBGZP/ffts/XC31906-large.png","//www.xeno-canto.org/sounds/uploaded/CDTGHVBGZP/ffts/XC31906-full.png","0:05","2009-04-02","","","unknown","unknown",NA,NA,NA,NA,NA,NA,NA,NA
"490055","Phaethornis","longirostris","","Long-billed Hermit","GABRIEL LEITE","Costa Rica","Puntarenas","8.5194","-83.4071","song","//www.xeno-canto.org/490055/download","//creativecommons.org/licenses/by-nc-sa/4.0/","//www.xeno-canto.org/490055","B","06:30","2019-07-26","260","//www.xeno-canto.org/sounds/uploaded/TGBFXDVERJ/ffts/XC490055-small.png","//www.xeno-canto.org/sounds/uploaded/TGBFXDVERJ/ffts/XC490055-med.png","//www.xeno-canto.org/sounds/uploaded/TGBFXDVERJ/ffts/XC490055-large.png","//www.xeno-canto.org/sounds/uploaded/TGBFXDVERJ/ffts/XC490055-full.png","0:32","2019-08-02","","","yes","no",NA,NA,NA,NA,NA,NA,NA,NA
"490054","Phaethornis","longirostris","","Long-billed Hermit","GABRIEL LEITE","Costa Rica","Puntarenas","8.5194","-83.4071","song","//www.xeno-canto.org/490054/download","//creativecommons.org/licenses/by-nc-sa/4.0/","//www.xeno-canto.org/490054","B","06:30","2019-07-26","260","//www.xeno-canto.org/sounds/uploaded/TGBFXDVERJ/ffts/XC490054-small.png","//www.xeno-canto.org/sounds/uploaded/TGBFXDVERJ/ffts/XC490054-med.png","//www.xeno-canto.org/sounds/uploaded/TGBFXDVERJ/ffts/XC490054-large.png","//www.xeno-canto.org/sounds/uploaded/TGBFXDVERJ/ffts/XC490054-full.png","0:36","2019-08-02","","","yes","no",NA,NA,NA,NA,NA,NA,NA,NA
"411247","Phaethornis","longirostris","","Long-billed Hermit","Oliver Komar","Honduras","Rio Santiago Nature Resort, Masica, Departamento de Atlántida","15.5909","-87.0633","song","//www.xeno-canto.org/411247/download","//creativecommons.org/licenses/by-nc-sa/4.0/","//www.xeno-canto.org/411247","B","08:30","2018-03-08","120","//www.xeno-canto.org/sounds/uploaded/XNQLEKWJLU/ffts/XC411247-small.png","//www.xeno-canto.org/sounds/uploaded/XNQLEKWJLU/ffts/XC411247-med.png","//www.xeno-canto.org/sounds/uploaded/XNQLEKWJLU/ffts/XC411247-large.png","//www.xeno-canto.org/sounds/uploaded/XNQLEKWJLU/ffts/XC411247-full.png","0:20","2018-04-18",NA,"Recorded at a lek. Photo of singing bird submitted to eBird.org.","yes","no","Claravis pretiosa","Pheugopedius maculipectus",NA,NA,NA,NA,NA,NA
"402754","Phaethornis","longirostris","","Long-billed Hermit","Marilyn Castillo","Mexico","Marqués de Comillas, Chiapas","16.1696","-90.9035","flight call","//www.xeno-canto.org/402754/download","//creativecommons.org/licenses/by-nc-nd/4.0/","//www.xeno-canto.org/402754","B","07:00","2016-01-18","180","//www.xeno-canto.org/sounds/uploaded/CHRIDPJVMH/ffts/XC402754-small.png","//www.xeno-canto.org/sounds/uploaded/CHRIDPJVMH/ffts/XC402754-med.png","//www.xeno-canto.org/sounds/uploaded/CHRIDPJVMH/ffts/XC402754-large.png","//www.xeno-canto.org/sounds/uploaded/CHRIDPJVMH/ffts/XC402754-full.png","0:05","2018-02-14","","","yes","no",NA,NA,NA,NA,NA,NA,NA,NA
"361039","Phaethornis","longirostris","","Long-billed Hermit","Kent Livezey","Panama","Pipeline Road, Soberania NP","9.1332","-79.7195","call","//www.xeno-canto.org/361039/download","//creativecommons.org/licenses/by-nc-sa/4.0/","//www.xeno-canto.org/361039","B","10:17","2017-03-23","70","//www.xeno-canto.org/sounds/uploaded/SZFQBBYSTI/ffts/XC361039-small.png","//www.xeno-canto.org/sounds/uploaded/SZFQBBYSTI/ffts/XC361039-med.png","//www.xeno-canto.org/sounds/uploaded/SZFQBBYSTI/ffts/XC361039-large.png","//www.xeno-canto.org/sounds/uploaded/SZFQBBYSTI/ffts/XC361039-full.png","0:04","2017-03-24","","Hermit zipped past, calling (0:00, 0:02, 0:04) as it went. This is a typical detection for this species in this area.","yes","no",NA,NA,NA,NA,NA,NA,NA,NA
"308485","Phaethornis","longirostris","","Long-billed Hermit","Orlando Jarquín G.","Nicaragua","Reserva El Jaguar, Jinotega","13.237","-86.0546","song","//www.xeno-canto.org/308485/download","//creativecommons.org/licenses/by-nc-sa/4.0/","//www.xeno-canto.org/308485","B","07:30","2016-02-24","1300","//www.xeno-canto.org/sounds/uploaded/FJVXXGLFTR/ffts/XC308485-small.png","//www.xeno-canto.org/sounds/uploaded/FJVXXGLFTR/ffts/XC308485-med.png","//www.xeno-canto.org/sounds/uploaded/FJVXXGLFTR/ffts/XC308485-large.png","//www.xeno-canto.org/sounds/uploaded/FJVXXGLFTR/ffts/XC308485-full.png","0:19","2016-03-25",NA,"","yes","no","Psarocolius montezuma","Henicorhina leucosticta","Dives dives",NA,NA,NA,NA,NA
"308316","Phaethornis","longirostris","","Long-billed Hermit","Orlando Jarquín G.","Nicaragua","Estación Biológica UCA. Jinotega","13.166","-85.8629","song","//www.xeno-canto.org/308316/download","//creativecommons.org/licenses/by-nc-sa/4.0/","//www.xeno-canto.org/308316","B","05:30","2015-11-23","1200","//www.xeno-canto.org/sounds/uploaded/FJVXXGLFTR/ffts/XC308316-small.png","//www.xeno-canto.org/sounds/uploaded/FJVXXGLFTR/ffts/XC308316-med.png","//www.xeno-canto.org/sounds/uploaded/FJVXXGLFTR/ffts/XC308316-large.png","//www.xeno-canto.org/sounds/uploaded/FJVXXGLFTR/ffts/XC308316-full.png","0:17","2016-03-24","","Santa Maura","yes","no",NA,NA,NA,NA,NA,NA,NA,NA
"308315","Phaethornis","longirostris","","Long-billed Hermit","Orlando Jarquín G.","Nicaragua","Estación Biológica UCA. Jinotega","13.166","-85.8629","flight call","//www.xeno-canto.org/308315/download","//creativecommons.org/licenses/by-nc-sa/4.0/","//www.xeno-canto.org/308315","B","11:00","2015-11-22","1200","//www.xeno-canto.org/sounds/uploaded/FJVXXGLFTR/ffts/XC308315-small.png","//www.xeno-canto.org/sounds/uploaded/FJVXXGLFTR/ffts/XC308315-med.png","//www.xeno-canto.org/sounds/uploaded/FJVXXGLFTR/ffts/XC308315-large.png","//www.xeno-canto.org/sounds/uploaded/FJVXXGLFTR/ffts/XC308315-full.png","0:07","2016-03-24","","Santa Maura","yes","no",NA,NA,NA,NA,NA,NA,NA,NA
"302403","Phaethornis","longirostris","","Long-billed Hermit","Alfonso Auerbach","Honduras","Río Santiago Nature Resort, Masica, Atlántida","15.5958","-87.0617","call","//www.xeno-canto.org/302403/download","//creativecommons.org/licenses/by-nc-sa/4.0/","//www.xeno-canto.org/302403","B","13:00","2016-02-03","160","//www.xeno-canto.org/sounds/uploaded/PWYNTPIIKC/ffts/XC302403-small.png","//www.xeno-canto.org/sounds/uploaded/PWYNTPIIKC/ffts/XC302403-med.png","//www.xeno-canto.org/sounds/uploaded/PWYNTPIIKC/ffts/XC302403-large.png","//www.xeno-canto.org/sounds/uploaded/PWYNTPIIKC/ffts/XC302403-full.png","0:07","2016-02-06","","","yes","no",NA,NA,NA,NA,NA,NA,NA,NA
"264458","Phaethornis","longirostris","baroni","Long-billed Hermit","Paul Coopmans","Ecuador","Loja: below Guaiquichuma","-3.8","-79.567","song at lek","//www.xeno-canto.org/264458/download","//creativecommons.org/licenses/by-nc-sa/4.0/","//www.xeno-canto.org/264458","B","?","1997-02-00","750","//www.xeno-canto.org/sounds/uploaded/XTVEPHMPPJ/ffts/XC264458-small.png","//www.xeno-canto.org/sounds/uploaded/XTVEPHMPPJ/ffts/XC264458-med.png","//www.xeno-canto.org/sounds/uploaded/XTVEPHMPPJ/ffts/XC264458-large.png","//www.xeno-canto.org/sounds/uploaded/XTVEPHMPPJ/ffts/XC264458-full.png","0:15","2015-07-30","Saltator striatipectus","<a href=""http://johnvmoorenaturerecordings.com/pubs/ECUAD/main.htm"">Moore et al. 2013: Bird Sounds of Ecuador DVD</a>.","unknown","no",NA,NA,NA,NA,NA,NA,NA,NA
"238796","Phaethornis","longirostris","baroni","Long-billed Hermit","Niels Krabbe","Ecuador","Manabí: Río Ayampe","-1.673","-80.786","calls","//www.xeno-canto.org/238796/download","//creativecommons.org/licenses/by-nc-sa/3.0/","//www.xeno-canto.org/238796","B","6:52","1991-12-31","50","//www.xeno-canto.org/sounds/uploaded/XTVEPHMPPJ/ffts/XC238796-small.png","//www.xeno-canto.org/sounds/uploaded/XTVEPHMPPJ/ffts/XC238796-med.png","//www.xeno-canto.org/sounds/uploaded/XTVEPHMPPJ/ffts/XC238796-large.png","//www.xeno-canto.org/sounds/uploaded/XTVEPHMPPJ/ffts/XC238796-full.png","0:03","2015-05-01","","Dry forest. Reference: XLIIB 30-31 (Phabar3). Krabbe & Nilsson (2003) (ISBN 90-75838-06-9).","yes","no",NA,NA,NA,NA,NA,NA,NA,NA
"227581","Phaethornis","longirostris","","Long-billed Hermit","Peter Boesman","Mexico","Bonampak, Chiapas","16.7","-91.0833333333","song","//www.xeno-canto.org/227581/download","//creativecommons.org/licenses/by-nc-nd/4.0/","//www.xeno-canto.org/227581","B","07:00","2003-04-10","","//www.xeno-canto.org/sounds/uploaded/OOECIWCSWV/ffts/XC227581-small.png","//www.xeno-canto.org/sounds/uploaded/OOECIWCSWV/ffts/XC227581-med.png","//www.xeno-canto.org/sounds/uploaded/OOECIWCSWV/ffts/XC227581-large.png","//www.xeno-canto.org/sounds/uploaded/OOECIWCSWV/ffts/XC227581-full.png","0:11","2015-03-23","","ID certainty 100%. (Archiv. tape 163 side B track 14 seq. C)","unknown","unknown",NA,NA,NA,NA,NA,NA,NA,NA
"227580","Phaethornis","longirostris","","Long-billed Hermit","Peter Boesman","Mexico","Bonampak, Chiapas","16.7","-91.0833333333","call","//www.xeno-canto.org/227580/download","//creativecommons.org/licenses/by-nc-nd/4.0/","//www.xeno-canto.org/227580","B","07:30","2003-04-09","","//www.xeno-canto.org/sounds/uploaded/OOECIWCSWV/ffts/XC227580-small.png","//www.xeno-canto.org/sounds/uploaded/OOECIWCSWV/ffts/XC227580-med.png","//www.xeno-canto.org/sounds/uploaded/OOECIWCSWV/ffts/XC227580-large.png","//www.xeno-canto.org/sounds/uploaded/OOECIWCSWV/ffts/XC227580-full.png","0:11","2015-03-23","","ID certainty 100%. (Archiv. tape 162 side B track 42 seq. B)","unknown","unknown",NA,NA,NA,NA,NA,NA,NA,NA
"227579","Phaethornis","longirostris","","Long-billed Hermit","Peter Boesman","Mexico","Bonampak, Chiapas","16.7","-91.0833333333","song","//www.xeno-canto.org/227579/download","//creativecommons.org/licenses/by-nc-nd/4.0/","//www.xeno-canto.org/227579","B","07:30","2003-04-09","","//www.xeno-canto.org/sounds/uploaded/OOECIWCSWV/ffts/XC227579-small.png","//www.xeno-canto.org/sounds/uploaded/OOECIWCSWV/ffts/XC227579-med.png","//www.xeno-canto.org/sounds/uploaded/OOECIWCSWV/ffts/XC227579-large.png","//www.xeno-canto.org/sounds/uploaded/OOECIWCSWV/ffts/XC227579-full.png","0:20","2015-03-23","","ID certainty 100%. (Archiv. tape 162 side B track 42 seq. A)","unknown","unknown",NA,NA,NA,NA,NA,NA,NA,NA
"227578","Phaethornis","longirostris","","Long-billed Hermit","Peter Boesman","Mexico","Bonampak, Chiapas","16.7","-91.0833333333","song","//www.xeno-canto.org/227578/download","//creativecommons.org/licenses/by-nc-nd/4.0/","//www.xeno-canto.org/227578","B","07:15","2003-04-09","","//www.xeno-canto.org/sounds/uploaded/OOECIWCSWV/ffts/XC227578-small.png","//www.xeno-canto.org/sounds/uploaded/OOECIWCSWV/ffts/XC227578-med.png","//www.xeno-canto.org/sounds/uploaded/OOECIWCSWV/ffts/XC227578-large.png","//www.xeno-canto.org/sounds/uploaded/OOECIWCSWV/ffts/XC227578-full.png","0:18","2015-03-23","","ID certainty 100%. (Archiv. tape 162 side B track 39 seq. A)","unknown","unknown",NA,NA,NA,NA,NA,NA,NA,NA
"227577","Phaethornis","longirostris","","Long-billed Hermit","Peter Boesman","Costa Rica","La Selva CR, Heredia","10.3333333333","-84","song","//www.xeno-canto.org/227577/download","//creativecommons.org/licenses/by-nc-nd/4.0/","//www.xeno-canto.org/227577","B","08:00","1991-12-25","0 - 200","//www.xeno-canto.org/sounds/uploaded/OOECIWCSWV/ffts/XC227577-small.png","//www.xeno-canto.org/sounds/uploaded/OOECIWCSWV/ffts/XC227577-med.png","//www.xeno-canto.org/sounds/uploaded/OOECIWCSWV/ffts/XC227577-large.png","//www.xeno-canto.org/sounds/uploaded/OOECIWCSWV/ffts/XC227577-full.png","0:21","2015-03-23","","ID certainty 100%. (Archiv. tape 21 side A track 53 seq. A)","unknown","unknown",NA,NA,NA,NA,NA,NA,NA,NA
"166002","Phaethornis","longirostris","","Long-billed Hermit","Mike Nelson","Costa Rica","Carara National Park, Puntarenas Province","9.7751","-84.6167","song","//www.xeno-canto.org/166002/download","//creativecommons.org/licenses/by-nc-sa/3.0/","//www.xeno-canto.org/166002","B","09:30","2014-01-19","20","//www.xeno-canto.org/sounds/uploaded/PWDLINYMKL/ffts/XC166002-small.png","//www.xeno-canto.org/sounds/uploaded/PWDLINYMKL/ffts/XC166002-med.png","//www.xeno-canto.org/sounds/uploaded/PWDLINYMKL/ffts/XC166002-large.png","//www.xeno-canto.org/sounds/uploaded/PWDLINYMKL/ffts/XC166002-full.png","2:16","2014-02-05","","","yes","no",NA,NA,NA,NA,NA,NA,NA,NA
"164769","Phaethornis","longirostris","","Long-billed Hermit","James Bradley","Panama","Torti, San Francisco Nature Reserve, Panama ","8.939","-78.465","call","//www.xeno-canto.org/164769/download","//creativecommons.org/licenses/by-nc-sa/3.0/","//www.xeno-canto.org/164769","B","10:00","2008-03-09","320","//www.xeno-canto.org/sounds/uploaded/ITRQTFVLNT/ffts/XC164769-small.png","//www.xeno-canto.org/sounds/uploaded/ITRQTFVLNT/ffts/XC164769-med.png","//www.xeno-canto.org/sounds/uploaded/ITRQTFVLNT/ffts/XC164769-large.png","//www.xeno-canto.org/sounds/uploaded/ITRQTFVLNT/ffts/XC164769-full.png","0:44","2014-01-16","","Calling from low down in thick roadside understory.","yes","no",NA,NA,NA,NA,NA,NA,NA,NA
"154164","Phaethornis","longirostris","","Long-billed Hermit","Marcelo Araya-Salas","Costa Rica","La Selva Biological Station, Sarapiqui, Heredia","10.430488","-84.00628","song","//www.xeno-canto.org/154164/download","//creativecommons.org/licenses/by-nc-sa/3.0/","//www.xeno-canto.org/154164","B","8:05","2010-07-13","","//www.xeno-canto.org/sounds/uploaded/EMCWQLLKEW/ffts/XC154164-small.png","//www.xeno-canto.org/sounds/uploaded/EMCWQLLKEW/ffts/XC154164-med.png","//www.xeno-canto.org/sounds/uploaded/EMCWQLLKEW/ffts/XC154164-large.png","//www.xeno-canto.org/sounds/uploaded/EMCWQLLKEW/ffts/XC154164-full.png","2:32","2013-11-11","","Recording equipment: Marantz Pmd 660+sennheiser ME67. Comments: Individuo 3. Lek LOC 2010. A 1,5m de altura, sobre ramas de arbol caido. Alternancia de cantos con Individuo 1. Dia nublado. Individuo al lado del claro. Grabado a 5 m.Coordenadas no exactas.. To access original .WAV file contact marceloa27(at)gmail.com","yes","no",NA,NA,NA,NA,NA,NA,NA,NA
"154163","Phaethornis","longirostris","","Long-billed Hermit","Marcelo Araya-Salas","Costa Rica","La Selva Biological Station, Sarapiqui, Heredia","10.430488","-84.00628","song","//www.xeno-canto.org/154163/download","//creativecommons.org/licenses/by-nc-sa/3.0/","//www.xeno-canto.org/154163","B","7:44","2010-07-13","","//www.xeno-canto.org/sounds/uploaded/EMCWQLLKEW/ffts/XC154163-small.png","//www.xeno-canto.org/sounds/uploaded/EMCWQLLKEW/ffts/XC154163-med.png","//www.xeno-canto.org/sounds/uploaded/EMCWQLLKEW/ffts/XC154163-large.png","//www.xeno-canto.org/sounds/uploaded/EMCWQLLKEW/ffts/XC154163-full.png","3:18","2013-11-11","","Recording equipment: Marantz Pmd 660+sennheiser ME67. Comments: Individuo 2 Lek LOC 2010. Observado. Perchado a 2,5m. Interrrumpio tanda de canto para perseguir a otro Phaethornis. Alternancia de cantos probablemente con individuo 1. Ver mapa. Coordenadas no exactas.. To access original .WAV file contact marceloa27(at)gmail.com","yes","no",NA,NA,NA,NA,NA,NA,NA,NA
"154162","Phaethornis","longirostris","","Long-billed Hermit","Marcelo Araya-Salas","Costa Rica","La Selva Biological Station, Sarapiqui, Heredia","10.430488","-84.00628","song","//www.xeno-canto.org/154162/download","//creativecommons.org/licenses/by-nc-sa/3.0/","//www.xeno-canto.org/154162","B","7:37","2010-07-13","","//www.xeno-canto.org/sounds/uploaded/EMCWQLLKEW/ffts/XC154162-small.png","//www.xeno-canto.org/sounds/uploaded/EMCWQLLKEW/ffts/XC154162-med.png","//www.xeno-canto.org/sounds/uploaded/EMCWQLLKEW/ffts/XC154162-large.png","//www.xeno-canto.org/sounds/uploaded/EMCWQLLKEW/ffts/XC154162-full.png","7:01","2013-11-11","","Recording equipment: Marantz Pmd 660+sennheiser ME67. Comments: Individuo 1 Lek LOC 2010, cercano a ceibo en inicio de parcela TEAM, bastante acitvidad en Lek despues del desayuno. Sotobosque medianamente denso con arboles caidos. Claro hacia el centro del lek. 3 interacciones en 1 hora, probablemente juveniles consolidando territorio. Interaccion agresiva al final de la grabacion. ver mapa. Alternancia de cantos. Coordenadas no exactas.. To access original .WAV file contact marceloa27(at)gmail.com","yes","no",NA,NA,NA,NA,NA,NA,NA,NA
"154160","Phaethornis","longirostris","","Long-billed Hermit","Marcelo Araya-Salas","Costa Rica","La Selva Biological Station, Sarapiqui, Heredia","10.430488","-84.00628","song","//www.xeno-canto.org/154160/download","//creativecommons.org/licenses/by-nc-sa/3.0/","//www.xeno-canto.org/154160","B","9:10","2010-07-13","","//www.xeno-canto.org/sounds/uploaded/EMCWQLLKEW/ffts/XC154160-small.png","//www.xeno-canto.org/sounds/uploaded/EMCWQLLKEW/ffts/XC154160-med.png","//www.xeno-canto.org/sounds/uploaded/EMCWQLLKEW/ffts/XC154160-large.png","//www.xeno-canto.org/sounds/uploaded/EMCWQLLKEW/ffts/XC154160-full.png","3:15","2013-11-11","","Recording equipment: Marantz Pmd 660+sennheiser ME67. Comments: individuo solitario, 3 perchas separadas por 15-20m. Sotobosque abierto con palmas a la orilla del rio. Con menor densidad que en otros leks. Poste 2100-600. Grabado a 6 m. Perchado a 2m., Sendero Jaguar 800, La Selva . To access original .WAV file contact marceloa27(at)gmail.com","yes","no",NA,NA,NA,NA,NA,NA,NA,NA
"154159","Phaethornis","longirostris","","Long-billed Hermit","Marcelo Araya-Salas","Costa Rica","La Selva Biological Station, Sarapiqui, Heredia","10.430488","-84.00628","song","//www.xeno-canto.org/154159/download","//creativecommons.org/licenses/by-nc-sa/3.0/","//www.xeno-canto.org/154159","B","9:54","2010-06-19","","//www.xeno-canto.org/sounds/uploaded/EMCWQLLKEW/ffts/XC154159-small.png","//www.xeno-canto.org/sounds/uploaded/EMCWQLLKEW/ffts/XC154159-med.png","//www.xeno-canto.org/sounds/uploaded/EMCWQLLKEW/ffts/XC154159-large.png","//www.xeno-canto.org/sounds/uploaded/EMCWQLLKEW/ffts/XC154159-full.png","3:54","2013-11-11","","Recording equipment: Marantz Pmd 660+sennheirser ME62-Parabola Telinga Pro 2. Comments: Indiivduo 5. En la misma percha. (lek CC 2010) a 1.2 m de altura. Grabado a 4m. Hay un claro grande al lado de este lek, cruzando el rio, con  muchas heliconias que podrian ser fuente importante para estos colibries. Claro de 20x25m, no se escucharon indivs por ahi.. To access original .WAV file contact marceloa27(at)gmail.com","yes","no",NA,NA,NA,NA,NA,NA,NA,NA
"154156","Phaethornis","longirostris","","Long-billed Hermit","Marcelo Araya-Salas","Costa Rica","La Selva Biological Station, Sarapiqui, Heredia","10.430488","-84.00628","song","//www.xeno-canto.org/154156/download","//creativecommons.org/licenses/by-nc-sa/3.0/","//www.xeno-canto.org/154156","B","9:33","2010-06-19","","//www.xeno-canto.org/sounds/uploaded/EMCWQLLKEW/ffts/XC154156-small.png","//www.xeno-canto.org/sounds/uploaded/EMCWQLLKEW/ffts/XC154156-med.png","//www.xeno-canto.org/sounds/uploaded/EMCWQLLKEW/ffts/XC154156-large.png","//www.xeno-canto.org/sounds/uploaded/EMCWQLLKEW/ffts/XC154156-full.png","2:41","2013-11-11","","Recording equipment: Marantz Pmd 660+sennheirser ME62-Parabola Telinga Pro 2. Comments: Individuo 5 (lek CC, 2010). Observado a 1 m de altura en zona densa de vegetacion con arbol caido sobre piedra. Junto al territorio del 4 indiv. Poca actividad en el lek. El lek parece haberse movido en la direccion contraria al sendero. Mayor densiad de vegetacion en el lek producto de la caida de arboles. Grabado a 5 m de distancia.. To access original .WAV file contact marceloa27(at)gmail.com","yes","no",NA,NA,NA,NA,NA,NA,NA,NA
"154155","Phaethornis","longirostris","","Long-billed Hermit","Marcelo Araya-Salas","Costa Rica","La Selva Biological Station, Sarapiqui, Heredia","10.430488","-84.00628","song","//www.xeno-canto.org/154155/download","//creativecommons.org/licenses/by-nc-sa/3.0/","//www.xeno-canto.org/154155","B","9:02","2010-06-19","","//www.xeno-canto.org/sounds/uploaded/EMCWQLLKEW/ffts/XC154155-small.png","//www.xeno-canto.org/sounds/uploaded/EMCWQLLKEW/ffts/XC154155-med.png","//www.xeno-canto.org/sounds/uploaded/EMCWQLLKEW/ffts/XC154155-large.png","//www.xeno-canto.org/sounds/uploaded/EMCWQLLKEW/ffts/XC154155-full.png","11:22","2013-11-11","","Recording equipment: Marantz Pmd 660+sennheirser ME62-Parabola Telinga Pro 2. Comments: Individuo 4 (lek CC, 2010). Perchado a 2.5m, grabado a 8m. Al principio de grabacion es un indiv q estuvo perchado a 4m de donde se grabo la 2 parte de la grabacion. pArece ser el mismo territorio,aunque no testoy 100% seguro. Baja actividad. Poca alternancia de cantos. A 10 m del 3 individuo siguiendo al lado del riachuelo en direccion opuesta al sendero. Menos empinado mas palmas en sotobosque y menos denso con plantulas y hojas secas.. To access original .WAV file contact marceloa27(at)gmail.com","yes","no",NA,NA,NA,NA,NA,NA,NA,NA
"154151","Phaethornis","longirostris","","Long-billed Hermit","Marcelo Araya-Salas","Costa Rica","La Selva Biological Station, Sarapiqui, Heredia","10.430488","-84.00628","song","//www.xeno-canto.org/154151/download","//creativecommons.org/licenses/by-nc-sa/3.0/","//www.xeno-canto.org/154151","B","8:23","2010-06-19","","//www.xeno-canto.org/sounds/uploaded/EMCWQLLKEW/ffts/XC154151-small.png","//www.xeno-canto.org/sounds/uploaded/EMCWQLLKEW/ffts/XC154151-med.png","//www.xeno-canto.org/sounds/uploaded/EMCWQLLKEW/ffts/XC154151-large.png","//www.xeno-canto.org/sounds/uploaded/EMCWQLLKEW/ffts/XC154151-full.png","6:25","2013-11-11","","Recording equipment: Marantz Pmd 660+sennheirser ME62-Parabola Telinga Pro 2. Comments: Individuo 3 (lek CC, 2010). Dia nublado con lluvias intermitentes. Percado a 4m. Grabado a 7m. Sobre el riacuelo que desemboca en el codo del rio. Alternancia de cantos con vecino.. To access original .WAV file contact marceloa27(at)gmail.com","yes","no",NA,NA,NA,NA,NA,NA,NA,NA
"154150","Phaethornis","longirostris","","Long-billed Hermit","Marcelo Araya-Salas","Costa Rica","La Selva Biological Station, Sarapiqui, Heredia","10.430488","-84.00628","song","//www.xeno-canto.org/154150/download","//creativecommons.org/licenses/by-nc-sa/3.0/","//www.xeno-canto.org/154150","B","8:08","2010-06-19","","//www.xeno-canto.org/sounds/uploaded/EMCWQLLKEW/ffts/XC154150-small.png","//www.xeno-canto.org/sounds/uploaded/EMCWQLLKEW/ffts/XC154150-med.png","//www.xeno-canto.org/sounds/uploaded/EMCWQLLKEW/ffts/XC154150-large.png","//www.xeno-canto.org/sounds/uploaded/EMCWQLLKEW/ffts/XC154150-full.png","3:02","2013-11-11","","Recording equipment: Marantz Pmd 660+sennheirser ME62-Parabola Telinga Pro 2. Comments: Individuo 2 (lek CC, 2010). Grabado a 2 y 5 m de distancia.  Ver mapa. Dia nublado con lloviznas intermitentes en la mañana. Pocas persecusiones. Cantando a 2 y 3 m de altura. 5 m entre ambas perchas.. To access original .WAV file contact marceloa27(at)gmail.com","yes","no",NA,NA,NA,NA,NA,NA,NA,NA
"154149","Phaethornis","longirostris","","Long-billed Hermit","Marcelo Araya-Salas","Costa Rica","La Selva Biological Station, Sarapiqui, Heredia","10.430488","-84.00628","song","//www.xeno-canto.org/154149/download","//creativecommons.org/licenses/by-nc-sa/3.0/","//www.xeno-canto.org/154149","B","7:44","2010-06-19","","//www.xeno-canto.org/sounds/uploaded/EMCWQLLKEW/ffts/XC154149-small.png","//www.xeno-canto.org/sounds/uploaded/EMCWQLLKEW/ffts/XC154149-med.png","//www.xeno-canto.org/sounds/uploaded/EMCWQLLKEW/ffts/XC154149-large.png","//www.xeno-canto.org/sounds/uploaded/EMCWQLLKEW/ffts/XC154149-full.png","3:50","2013-11-11","","Recording equipment: Marantz Pmd 660+sennheirser ME62-Parabola Telinga Pro 2. Comments: Individuo 1 (lek CC, 2010). Indv. Grabado al otro lado del rio, No lo observe. Perchado a 2 m de altura, vegetacion densa, baja actividad. Dia nublado con lloviznas intermitentes. To access original .WAV file contact marceloa27(at)gmail.com","yes","no",NA,NA,NA,NA,NA,NA,NA,NA
"154144","Phaethornis","longirostris","","Long-billed Hermit","Marcelo Araya-Salas","Costa Rica","La Selva Biological Station, Sarapiqui, Heredia","10.430488","-84.00628","song","//www.xeno-canto.org/154144/download","//creativecommons.org/licenses/by-nc-sa/3.0/","//www.xeno-canto.org/154144","B","2:52","2010-05-21","","//www.xeno-canto.org/sounds/uploaded/EMCWQLLKEW/ffts/XC154144-small.png","//www.xeno-canto.org/sounds/uploaded/EMCWQLLKEW/ffts/XC154144-med.png","//www.xeno-canto.org/sounds/uploaded/EMCWQLLKEW/ffts/XC154144-large.png","//www.xeno-canto.org/sounds/uploaded/EMCWQLLKEW/ffts/XC154144-full.png","4:24","2013-11-11","","Recording equipment: Marantz Pmd 660+sennheiser ME67. Comments: individuo-RV; lek-Sura. percha a 2 m. 5 m de distancia. Territorio hacia el N del poste 700-600. Percha es ""21-05 m de altura, indiv no identificado, 7:36 am"". Dia soleado, nublado a ratos. To access original .WAV file contact marceloa27(at)gmail.com","yes","no",NA,NA,NA,NA,NA,NA,NA,NA
"154143","Phaethornis","longirostris","","Long-billed Hermit","Marcelo Araya-Salas","Costa Rica","La Selva Biological Station, Sarapiqui, Heredia","10.430488","-84.00628","song","//www.xeno-canto.org/154143/download","//creativecommons.org/licenses/by-nc-sa/3.0/","//www.xeno-canto.org/154143","B","14:34","2010-05-21","","//www.xeno-canto.org/sounds/uploaded/EMCWQLLKEW/ffts/XC154143-small.png","//www.xeno-canto.org/sounds/uploaded/EMCWQLLKEW/ffts/XC154143-med.png","//www.xeno-canto.org/sounds/uploaded/EMCWQLLKEW/ffts/XC154143-large.png","//www.xeno-canto.org/sounds/uploaded/EMCWQLLKEW/ffts/XC154143-full.png","2:47","2013-11-11","","Recording equipment: Marantz Pmd 660+sennheiser ME67. Comments: individuo-CK; lek-Sura. persecucion. Percha a 10 m oeste de red 14. el canto luego de la pausa fue a un macho q estaba a 30 cm frente a el, luego lo persiguio. To access original .WAV file contact marceloa27(at)gmail.com","yes","no",NA,NA,NA,NA,NA,NA,NA,NA
"154139","Phaethornis","longirostris","","Long-billed Hermit","Marcelo Araya-Salas","Costa Rica","La Selva Biological Station, Sarapiqui, Heredia","10.430488","-84.00628","song","//www.xeno-canto.org/154139/download","//creativecommons.org/licenses/by-nc-sa/3.0/","//www.xeno-canto.org/154139","B","14:22","2010-05-21","150","//www.xeno-canto.org/sounds/uploaded/EMCWQLLKEW/ffts/XC154139-small.png","//www.xeno-canto.org/sounds/uploaded/EMCWQLLKEW/ffts/XC154139-med.png","//www.xeno-canto.org/sounds/uploaded/EMCWQLLKEW/ffts/XC154139-large.png","//www.xeno-canto.org/sounds/uploaded/EMCWQLLKEW/ffts/XC154139-full.png","2:56","2013-11-11","","Recording equipment: Marantz Pmd 660+sennheiser ME67. Comments: individuo-AZ; lek-Sura. Percha dentro de matorral. 100% confianza. Perchado a 2.5 m. percha cerca de red 14 en tronco bajo red 14, 16 m al oeste.. To access original .WAV file contact marceloa27(at)gmail.com","yes","no",NA,NA,NA,NA,NA,NA,NA,NA
"154134","Phaethornis","longirostris","","Long-billed Hermit","Marcelo Araya-Salas","Costa Rica","La Selva Biological Station, Sarapiqui, Heredia","10.430488","-84.00628","song","//www.xeno-canto.org/154134/download","//creativecommons.org/licenses/by-nc-sa/3.0/","//www.xeno-canto.org/154134","B","12:29","2010-05-21","","//www.xeno-canto.org/sounds/uploaded/EMCWQLLKEW/ffts/XC154134-small.png","//www.xeno-canto.org/sounds/uploaded/EMCWQLLKEW/ffts/XC154134-med.png","//www.xeno-canto.org/sounds/uploaded/EMCWQLLKEW/ffts/XC154134-large.png","//www.xeno-canto.org/sounds/uploaded/EMCWQLLKEW/ffts/XC154134-full.png","3:26","2013-11-11","","Recording equipment: Marantz Pmd 660+sennheiser ME67. Comments: individuo-AK; lek-Sura. mismo sitio e individuo que PHAE0013. Percha a 1 maltura. To access original .WAV file contact marceloa27(at)gmail.com","yes","no",NA,NA,NA,NA,NA,NA,NA,NA
"154128","Phaethornis","longirostris","","Long-billed Hermit","Marcelo Araya-Salas","Costa Rica","La Selva Biological Station, Sarapiqui, Heredia","10.430488","-84.00628","song","//www.xeno-canto.org/154128/download","//creativecommons.org/licenses/by-nc-sa/3.0/","//www.xeno-canto.org/154128","B","7:21","2010-05-21","","//www.xeno-canto.org/sounds/uploaded/EMCWQLLKEW/ffts/XC154128-small.png","//www.xeno-canto.org/sounds/uploaded/EMCWQLLKEW/ffts/XC154128-med.png","//www.xeno-canto.org/sounds/uploaded/EMCWQLLKEW/ffts/XC154128-large.png","//www.xeno-canto.org/sounds/uploaded/EMCWQLLKEW/ffts/XC154128-full.png","4:47","2013-11-11","","Recording equipment: Marantz Pmd 660+sennheiser ME67. Comments: individuo-VAR; lek-Sura. 100% confianza de ident. En percha ""VAR 3m altura 9:45, 15-05"". To access original .WAV file contact marceloa27(at)gmail.com","yes","no",NA,NA,NA,NA,NA,NA,NA,NA
"154124","Phaethornis","longirostris","","Long-billed Hermit","Marcelo Araya-Salas","Costa Rica","La Selva Biological Station, Sarapiqui, Heredia","10.430488","-84.00628","song","//www.xeno-canto.org/154124/download","//creativecommons.org/licenses/by-nc-sa/3.0/","//www.xeno-canto.org/154124","B","7:02","2010-05-21","","//www.xeno-canto.org/sounds/uploaded/EMCWQLLKEW/ffts/XC154124-small.png","//www.xeno-canto.org/sounds/uploaded/EMCWQLLKEW/ffts/XC154124-med.png","//www.xeno-canto.org/sounds/uploaded/EMCWQLLKEW/ffts/XC154124-large.png","//www.xeno-canto.org/sounds/uploaded/EMCWQLLKEW/ffts/XC154124-full.png","3:03","2013-11-11","","Recording equipment: Marantz Pmd 660+sennheiser ME67. Comments: individuo-No identificado; lek-Sura. interaccion aggresiva. Macho territorial. No identificado. To access original .WAV file contact marceloa27(at)gmail.com","yes","no",NA,NA,NA,NA,NA,NA,NA,NA
"154123","Phaethornis","longirostris","","Long-billed Hermit","Marcelo Araya-Salas","Costa Rica","La Selva Biological Station, Sarapiqui, Heredia","10.430488","-84.00628","song","//www.xeno-canto.org/154123/download","//creativecommons.org/licenses/by-nc-sa/3.0/","//www.xeno-canto.org/154123","B","6:49","2010-05-21","","//www.xeno-canto.org/sounds/uploaded/EMCWQLLKEW/ffts/XC154123-small.png","//www.xeno-canto.org/sounds/uploaded/EMCWQLLKEW/ffts/XC154123-med.png","//www.xeno-canto.org/sounds/uploaded/EMCWQLLKEW/ffts/XC154123-large.png","//www.xeno-canto.org/sounds/uploaded/EMCWQLLKEW/ffts/XC154123-full.png","0:52","2013-11-11","","Recording equipment: Marantz Pmd 660+sennheiser ME67. Comments: individuo-CV; lek-Sura. en territorio de CV. 90% de confianza. To access original .WAV file contact marceloa27(at)gmail.com","yes","no",NA,NA,NA,NA,NA,NA,NA,NA
"154122","Phaethornis","longirostris","","Long-billed Hermit","Marcelo Araya-Salas","Costa Rica","La Selva Biological Station, Sarapiqui, Heredia","10.430488","-84.00628","song","//www.xeno-canto.org/154122/download","//creativecommons.org/licenses/by-nc-sa/3.0/","//www.xeno-canto.org/154122","B","6:50","2010-05-21","","//www.xeno-canto.org/sounds/uploaded/EMCWQLLKEW/ffts/XC154122-small.png","//www.xeno-canto.org/sounds/uploaded/EMCWQLLKEW/ffts/XC154122-med.png","//www.xeno-canto.org/sounds/uploaded/EMCWQLLKEW/ffts/XC154122-large.png","//www.xeno-canto.org/sounds/uploaded/EMCWQLLKEW/ffts/XC154122-full.png","3:01","2013-11-11","","Recording equipment: Marantz Pmd 660+sennheiser ME67. Comments: individuo-CV; lek-Sura. id al 70% muy posiblemente CV. EN territorio de CV, mejor usar PHAE0002/ perchado a 1 m. cerca de arbol caido detras casa 3.. To access original .WAV file contact marceloa27(at)gmail.com","yes","no",NA,NA,NA,NA,NA,NA,NA,NA
"154116","Phaethornis","longirostris","","Long-billed Hermit","Marcelo Araya-Salas","Costa Rica","La Selva Biological Station, Sarapiqui, Heredia","10.430488","-84.00628","song","//www.xeno-canto.org/154116/download","//creativecommons.org/licenses/by-nc-sa/3.0/","//www.xeno-canto.org/154116","B","6:33","2010-05-21","","//www.xeno-canto.org/sounds/uploaded/EMCWQLLKEW/ffts/XC154116-small.png","//www.xeno-canto.org/sounds/uploaded/EMCWQLLKEW/ffts/XC154116-med.png","//www.xeno-canto.org/sounds/uploaded/EMCWQLLKEW/ffts/XC154116-large.png","//www.xeno-canto.org/sounds/uploaded/EMCWQLLKEW/ffts/XC154116-full.png","1:31","2013-11-11","","Recording equipment: Marantz Pmd 660+sennheiser ME67. Comments: individuo-CV; lek-Sura. perchado a 6 m de altura, en arbol caido al lado de casa 3. en su teritorio, tambien en observado en otra percha dentro de su territorio. Dia despejado soleado. To access original .WAV file contact marceloa27(at)gmail.com","yes","no",NA,NA,NA,NA,NA,NA,NA,NA
"154115","Phaethornis","longirostris","","Long-billed Hermit","Marcelo Araya-Salas","Costa Rica","La Selva Biological Station, Sarapiqui, Heredia","10.430488","-84.00628","song","//www.xeno-canto.org/154115/download","//creativecommons.org/licenses/by-nc-sa/3.0/","//www.xeno-canto.org/154115","B","6:28","2010-05-21","","//www.xeno-canto.org/sounds/uploaded/EMCWQLLKEW/ffts/XC154115-small.png","//www.xeno-canto.org/sounds/uploaded/EMCWQLLKEW/ffts/XC154115-med.png","//www.xeno-canto.org/sounds/uploaded/EMCWQLLKEW/ffts/XC154115-large.png","//www.xeno-canto.org/sounds/uploaded/EMCWQLLKEW/ffts/XC154115-full.png","3:40","2013-11-11","","Recording equipment: Marantz Pmd 660+sennheiser ME67. Comments: individuo-No identificado; lek-Sura. probablemente CV. En el territorio de este. Percha a 4 m de altura. Al rededor de casa 3. To access original .WAV file contact marceloa27(at)gmail.com","yes","no",NA,NA,NA,NA,NA,NA,NA,NA
"154114","Phaethornis","longirostris","","Long-billed Hermit","Marcelo Araya-Salas","Costa Rica","La Selva Biological Station, Sarapiqui, Heredia","10.430488","-84.00628","song","//www.xeno-canto.org/154114/download","//creativecommons.org/licenses/by-nc-sa/3.0/","//www.xeno-canto.org/154114","B","7:00","2010-05-20","","//www.xeno-canto.org/sounds/uploaded/EMCWQLLKEW/ffts/XC154114-small.png","//www.xeno-canto.org/sounds/uploaded/EMCWQLLKEW/ffts/XC154114-med.png","//www.xeno-canto.org/sounds/uploaded/EMCWQLLKEW/ffts/XC154114-large.png","//www.xeno-canto.org/sounds/uploaded/EMCWQLLKEW/ffts/XC154114-full.png","3:28","2013-11-11","","Recording equipment: Marantz Pmd 660+sennheiser ME67. Comments: individuo-R; lek-Sura. a 3 m de distancia, perchado a 2m de altura. Territorio cerca a la red 11 (10 m NO). To access original .WAV file contact marceloa27(at)gmail.com","yes","no",NA,NA,NA,NA,NA,NA,NA,NA
"154108","Phaethornis","longirostris","","Long-billed Hermit","Marcelo Araya-Salas","Costa Rica","La Selva Biological Station, Sarapiqui, Heredia","10.430488","-84.00628","song","//www.xeno-canto.org/154108/download","//creativecommons.org/licenses/by-nc-sa/3.0/","//www.xeno-canto.org/154108","B","7:00","2010-05-20","","//www.xeno-canto.org/sounds/uploaded/EMCWQLLKEW/ffts/XC154108-small.png","//www.xeno-canto.org/sounds/uploaded/EMCWQLLKEW/ffts/XC154108-med.png","//www.xeno-canto.org/sounds/uploaded/EMCWQLLKEW/ffts/XC154108-large.png","//www.xeno-canto.org/sounds/uploaded/EMCWQLLKEW/ffts/XC154108-full.png","1:28","2013-11-11","","Recording equipment: Marantz Pmd 660+sennheiser ME67. Comments: individuo-CV; lek-Sura. Se penso que era C, luego se supo que era CV. Mejor usar grabacion PHAE0002 para analisis.. To access original .WAV file contact marceloa27(at)gmail.com","yes","no",NA,NA,NA,NA,NA,NA,NA,NA
"154107","Phaethornis","longirostris","","Long-billed Hermit","Marcelo Araya-Salas","Costa Rica","La Selva Biological Station, Sarapiqui, Heredia","10.430488","-84.00628","song","//www.xeno-canto.org/154107/download","//creativecommons.org/licenses/by-nc-sa/3.0/","//www.xeno-canto.org/154107","B","7:00","2010-05-20","","//www.xeno-canto.org/sounds/uploaded/EMCWQLLKEW/ffts/XC154107-small.png","//www.xeno-canto.org/sounds/uploaded/EMCWQLLKEW/ffts/XC154107-med.png","//www.xeno-canto.org/sounds/uploaded/EMCWQLLKEW/ffts/XC154107-large.png","//www.xeno-canto.org/sounds/uploaded/EMCWQLLKEW/ffts/XC154107-full.png","3:05","2013-11-11","","Recording equipment: Marantz Pmd 660+sennheiser ME67. Comments: individuo-no marcado; lek-Sura. individuo no territorial, fue perseguido por macho del lek. Empezo cantando irregularmente. Canto y silvidos de persecucion. To access original .WAV file contact marceloa27(at)gmail.com","yes","no",NA,NA,NA,NA,NA,NA,NA,NA
"154106","Phaethornis","longirostris","","Long-billed Hermit","Marcelo Araya-Salas","Costa Rica","La Selva Biological Station, Sarapiqui, Heredia","10.430488","-84.00628","song","//www.xeno-canto.org/154106/download","//creativecommons.org/licenses/by-nc-sa/3.0/","//www.xeno-canto.org/154106","B","15:06","2010-05-20","","//www.xeno-canto.org/sounds/uploaded/EMCWQLLKEW/ffts/XC154106-small.png","//www.xeno-canto.org/sounds/uploaded/EMCWQLLKEW/ffts/XC154106-med.png","//www.xeno-canto.org/sounds/uploaded/EMCWQLLKEW/ffts/XC154106-large.png","//www.xeno-canto.org/sounds/uploaded/EMCWQLLKEW/ffts/XC154106-full.png","2:09","2013-11-11","","Recording equipment: Marantz Pmd 660+sennheiser ME67. Comments: individuo-CV; lek-Sura. perchado a  2.2 m, a 8 metros de esquina norte casa 3. To access original .WAV file contact marceloa27(at)gmail.com","yes","no",NA,NA,NA,NA,NA,NA,NA,NA
"154083","Phaethornis","longirostris","","Long-billed Hermit","Marcelo Araya-Salas","Costa Rica","La Selva Biological Station, Sarapiqui, Heredia","10.430488","-84.00628","song","//www.xeno-canto.org/154083/download","//creativecommons.org/licenses/by-nc-sa/3.0/","//www.xeno-canto.org/154083","B","5:35","2010-05-20","","//www.xeno-canto.org/sounds/uploaded/EMCWQLLKEW/ffts/XC154083-small.png","//www.xeno-canto.org/sounds/uploaded/EMCWQLLKEW/ffts/XC154083-med.png","//www.xeno-canto.org/sounds/uploaded/EMCWQLLKEW/ffts/XC154083-large.png","//www.xeno-canto.org/sounds/uploaded/EMCWQLLKEW/ffts/XC154083-full.png","4:51","2013-11-11","","Recording equipment: Marantz Pmd 660+sennheiser ME67. Comments: grabado en su territorio 100% confianza id. Dia nublado medio lluvioso, mucha actividad en el lek. To access original .WAV file contact marceloa27(at)gmail.com","yes","no",NA,NA,NA,NA,NA,NA,NA,NA
"154081","Phaethornis","longirostris","","Long-billed Hermit","Marcelo Araya-Salas","Costa Rica","La Selva Biological Station, Sarapiqui, Heredia","10.430488","-84.00628","song","//www.xeno-canto.org/154081/download","//creativecommons.org/licenses/by-nc-sa/3.0/","//www.xeno-canto.org/154081","B","?","2010-05-28","","//www.xeno-canto.org/sounds/uploaded/EMCWQLLKEW/ffts/XC154081-small.png","//www.xeno-canto.org/sounds/uploaded/EMCWQLLKEW/ffts/XC154081-med.png","//www.xeno-canto.org/sounds/uploaded/EMCWQLLKEW/ffts/XC154081-large.png","//www.xeno-canto.org/sounds/uploaded/EMCWQLLKEW/ffts/XC154081-full.png","4:20","2013-11-11","","Recording equipment: Marantz Pmd 660+sennheiser ME67. Comments: individuo-VR; lek-CCL. grabacion al otro lado del rio en el punto 2VR. Grabado a 5m. Percha a 2m.. To access original .WAV file contact marceloa27(at)gmail.com","yes","no",NA,NA,NA,NA,NA,NA,NA,NA
"154079","Phaethornis","longirostris","","Long-billed Hermit","Marcelo Araya-Salas","Costa Rica","La Selva Biological Station, Sarapiqui, Heredia","10.430488","-84.00628","song","//www.xeno-canto.org/154079/download","//creativecommons.org/licenses/by-nc-sa/3.0/","//www.xeno-canto.org/154079","B","7:48","2010-05-28","","//www.xeno-canto.org/sounds/uploaded/EMCWQLLKEW/ffts/XC154079-small.png","//www.xeno-canto.org/sounds/uploaded/EMCWQLLKEW/ffts/XC154079-med.png","//www.xeno-canto.org/sounds/uploaded/EMCWQLLKEW/ffts/XC154079-large.png","//www.xeno-canto.org/sounds/uploaded/EMCWQLLKEW/ffts/XC154079-full.png","3:54","2013-11-11","","Recording equipment: Marantz Pmd 660+sennheiser ME67. Comments: individuo-R; lek-CCL. grabado a 2.5 m de distancia, en percha marcada cerca de 1440-1020 a 5 m en direccion al rio, en borde de territorio con VA. To access original .WAV file contact marceloa27(at)gmail.com","yes","no",NA,NA,NA,NA,NA,NA,NA,NA
"154078","Phaethornis","longirostris","","Long-billed Hermit","Marcelo Araya-Salas","Costa Rica","La Selva Biological Station, Sarapiqui, Heredia","10.430488","-84.00628","song","//www.xeno-canto.org/154078/download","//creativecommons.org/licenses/by-nc-sa/3.0/","//www.xeno-canto.org/154078","B","7:44","2010-05-28","","//www.xeno-canto.org/sounds/uploaded/EMCWQLLKEW/ffts/XC154078-small.png","//www.xeno-canto.org/sounds/uploaded/EMCWQLLKEW/ffts/XC154078-med.png","//www.xeno-canto.org/sounds/uploaded/EMCWQLLKEW/ffts/XC154078-large.png","//www.xeno-canto.org/sounds/uploaded/EMCWQLLKEW/ffts/XC154078-full.png","1:52","2013-11-11","","Recording equipment: Marantz Pmd 660+sennheiser ME67. Comments: individuo-VA; lek-CCL. perchado a 5 m. misma percha de grabacion 0029. a 5 m de 1440 1020 hacia la izq estando de frente al rio. Muchas interacciones agresivas. En percha 6VA. To access original .WAV file contact marceloa27(at)gmail.com","yes","no",NA,NA,NA,NA,NA,NA,NA,NA
"154076","Phaethornis","longirostris","","Long-billed Hermit","Marcelo Araya-Salas","Costa Rica","La Selva Biological Station, Sarapiqui, Heredia","10.430488","-84.00628","song","//www.xeno-canto.org/154076/download","//creativecommons.org/licenses/by-nc-sa/3.0/","//www.xeno-canto.org/154076","B","7:40","2010-05-28","","//www.xeno-canto.org/sounds/uploaded/EMCWQLLKEW/ffts/XC154076-small.png","//www.xeno-canto.org/sounds/uploaded/EMCWQLLKEW/ffts/XC154076-med.png","//www.xeno-canto.org/sounds/uploaded/EMCWQLLKEW/ffts/XC154076-large.png","//www.xeno-canto.org/sounds/uploaded/EMCWQLLKEW/ffts/XC154076-full.png","1:38","2013-11-11","","Recording equipment: Marantz Pmd 660+sennheiser ME67. Comments: individuo-R; lek-CCL. no fue observado, pero estaba dentro de territorio de R. A 5 m de 1440 1020 en direccion contraria al rio. To access original .WAV file contact marceloa27(at)gmail.com","yes","no",NA,NA,NA,NA,NA,NA,NA,NA
"154070","Phaethornis","longirostris","","Long-billed Hermit","Marcelo Araya-Salas","Costa Rica","La Selva Biological Station, Sarapiqui, Heredia","10.430488","-84.00628","song","//www.xeno-canto.org/154070/download","//creativecommons.org/licenses/by-nc-sa/3.0/","//www.xeno-canto.org/154070","B","9:22","2010-05-27","","//www.xeno-canto.org/sounds/uploaded/EMCWQLLKEW/ffts/XC154070-small.png","//www.xeno-canto.org/sounds/uploaded/EMCWQLLKEW/ffts/XC154070-med.png","//www.xeno-canto.org/sounds/uploaded/EMCWQLLKEW/ffts/XC154070-large.png","//www.xeno-canto.org/sounds/uploaded/EMCWQLLKEW/ffts/XC154070-full.png","1:09","2013-11-11","","Recording equipment: Marantz Pmd 660+sennheiser ME67. Comments: individuo-AR; lek-CCL. perchado a 50cm. . To access original .WAV file contact marceloa27(at)gmail.com","yes","no",NA,NA,NA,NA,NA,NA,NA,NA
"154069","Phaethornis","longirostris","","Long-billed Hermit","Marcelo Araya-Salas","Costa Rica","La Selva Biological Station, Sarapiqui, Heredia","10.430488","-84.00628","song","//www.xeno-canto.org/154069/download","//creativecommons.org/licenses/by-nc-sa/3.0/","//www.xeno-canto.org/154069","B","8:59","2010-05-27","","//www.xeno-canto.org/sounds/uploaded/EMCWQLLKEW/ffts/XC154069-small.png","//www.xeno-canto.org/sounds/uploaded/EMCWQLLKEW/ffts/XC154069-med.png","//www.xeno-canto.org/sounds/uploaded/EMCWQLLKEW/ffts/XC154069-large.png","//www.xeno-canto.org/sounds/uploaded/EMCWQLLKEW/ffts/XC154069-full.png","3:46","2013-11-11","","Recording equipment: Marantz Pmd 660+sennheiser ME67. Comments: individuo-ZR; lek-CCL. 100% confianza de ident. Dialecto metalico, garganta de lata, tuvo interaccion agresiva con A perchado 1.5 m y 2 m de altura borde de rio grabado a 5m.. To access original .WAV file contact marceloa27(at)gmail.com","yes","no",NA,NA,NA,NA,NA,NA,NA,NA
"154068","Phaethornis","longirostris","","Long-billed Hermit","Marcelo Araya-Salas","Costa Rica","La Selva Biological Station, Sarapiqui, Heredia","10.430488","-84.00628","song","//www.xeno-canto.org/154068/download","//creativecommons.org/licenses/by-nc-sa/3.0/","//www.xeno-canto.org/154068","B","8:35","2010-05-27","","//www.xeno-canto.org/sounds/uploaded/EMCWQLLKEW/ffts/XC154068-small.png","//www.xeno-canto.org/sounds/uploaded/EMCWQLLKEW/ffts/XC154068-med.png","//www.xeno-canto.org/sounds/uploaded/EMCWQLLKEW/ffts/XC154068-large.png","//www.xeno-canto.org/sounds/uploaded/EMCWQLLKEW/ffts/XC154068-full.png","2:01","2013-11-11","","Recording equipment: Marantz Pmd 660+sennheiser ME67. Comments: individuo-CZ; lek-CCL. en percha 3CZ auqn no observado, 50% confianza. To access original .WAV file contact marceloa27(at)gmail.com","yes","no",NA,NA,NA,NA,NA,NA,NA,NA
"154067","Phaethornis","longirostris","","Long-billed Hermit","Marcelo Araya-Salas","Costa Rica","La Selva Biological Station, Sarapiqui, Heredia","10.430488","-84.00628","song","//www.xeno-canto.org/154067/download","//creativecommons.org/licenses/by-nc-sa/3.0/","//www.xeno-canto.org/154067","B","8:06","2010-05-27","","//www.xeno-canto.org/sounds/uploaded/EMCWQLLKEW/ffts/XC154067-small.png","//www.xeno-canto.org/sounds/uploaded/EMCWQLLKEW/ffts/XC154067-med.png","//www.xeno-canto.org/sounds/uploaded/EMCWQLLKEW/ffts/XC154067-large.png","//www.xeno-canto.org/sounds/uploaded/EMCWQLLKEW/ffts/XC154067-full.png","3:40","2013-11-11","","Recording equipment: Marantz Pmd 660+sennheiser ME67. Comments: individuo-A; lek-CCL. 100% ident. Al borde del rio. Interacciones con ZR de territorio aledaño. . To access original .WAV file contact marceloa27(at)gmail.com","yes","no",NA,NA,NA,NA,NA,NA,NA,NA
"154066","Phaethornis","longirostris","","Long-billed Hermit","Marcelo Araya-Salas","Costa Rica","La Selva Biological Station, Sarapiqui, Heredia","10.430488","-84.00628","song","//www.xeno-canto.org/154066/download","//creativecommons.org/licenses/by-nc-sa/3.0/","//www.xeno-canto.org/154066","B","7:59","2010-05-27","","//www.xeno-canto.org/sounds/uploaded/EMCWQLLKEW/ffts/XC154066-small.png","//www.xeno-canto.org/sounds/uploaded/EMCWQLLKEW/ffts/XC154066-med.png","//www.xeno-canto.org/sounds/uploaded/EMCWQLLKEW/ffts/XC154066-large.png","//www.xeno-canto.org/sounds/uploaded/EMCWQLLKEW/ffts/XC154066-full.png","2:01","2013-11-11","","Recording equipment: Marantz Pmd 660+sennheiser ME67. Comments: individuo-UN; lek-CCL. no observado, cercano a territorio de A con dialecto diferente. Podria ser metalico ZR. Muchas interacciones agresivas en ese punto. . To access original .WAV file contact marceloa27(at)gmail.com","yes","no",NA,NA,NA,NA,NA,NA,NA,NA
"154065","Phaethornis","longirostris","","Long-billed Hermit","Marcelo Araya-Salas","Costa Rica","La Selva Biological Station, Sarapiqui, Heredia","10.430488","-84.00628","song","//www.xeno-canto.org/154065/download","//creativecommons.org/licenses/by-nc-sa/3.0/","//www.xeno-canto.org/154065","B","7:37","2010-05-27","","//www.xeno-canto.org/sounds/uploaded/EMCWQLLKEW/ffts/XC154065-small.png","//www.xeno-canto.org/sounds/uploaded/EMCWQLLKEW/ffts/XC154065-med.png","//www.xeno-canto.org/sounds/uploaded/EMCWQLLKEW/ffts/XC154065-large.png","//www.xeno-canto.org/sounds/uploaded/EMCWQLLKEW/ffts/XC154065-full.png","3:43","2013-11-11","","Recording equipment: Marantz Pmd 660+sennheiser ME67. Comments: individuo-R; lek-CCL. al lado de 1440-1020. podria ser RC. EN limite de territorio con VA. To access original .WAV file contact marceloa27(at)gmail.com","yes","no",NA,NA,NA,NA,NA,NA,NA,NA
"154064","Phaethornis","longirostris","","Long-billed Hermit","Marcelo Araya-Salas","Costa Rica","La Selva Biological Station, Sarapiqui, Heredia","10.430488","-84.00628","song","//www.xeno-canto.org/154064/download","//creativecommons.org/licenses/by-nc-sa/3.0/","//www.xeno-canto.org/154064","B","12:28","2010-05-26","","//www.xeno-canto.org/sounds/uploaded/EMCWQLLKEW/ffts/XC154064-small.png","//www.xeno-canto.org/sounds/uploaded/EMCWQLLKEW/ffts/XC154064-med.png","//www.xeno-canto.org/sounds/uploaded/EMCWQLLKEW/ffts/XC154064-large.png","//www.xeno-canto.org/sounds/uploaded/EMCWQLLKEW/ffts/XC154064-full.png","6:49","2013-11-11","","Recording equipment: Marantz Pmd 660+sennheiser ME67. Comments: individuo-VA; lek-CCL. en percha cerca de poste 1450-1000. Donde fue atrapado VA. Tarde lluviosa. To access original .WAV file contact marceloa27(at)gmail.com","yes","no",NA,NA,NA,NA,NA,NA,NA,NA
"154063","Phaethornis","longirostris","","Long-billed Hermit","Marcelo Araya-Salas","Costa Rica","La Selva Biological Station, Sarapiqui, Heredia","10.430488","-84.00628","song","//www.xeno-canto.org/154063/download","//creativecommons.org/licenses/by-nc-sa/3.0/","//www.xeno-canto.org/154063","B","8:29","2010-05-26","","//www.xeno-canto.org/sounds/uploaded/EMCWQLLKEW/ffts/XC154063-small.png","//www.xeno-canto.org/sounds/uploaded/EMCWQLLKEW/ffts/XC154063-med.png","//www.xeno-canto.org/sounds/uploaded/EMCWQLLKEW/ffts/XC154063-large.png","//www.xeno-canto.org/sounds/uploaded/EMCWQLLKEW/ffts/XC154063-full.png","2:31","2013-11-11","","Recording equipment: Marantz Pmd 660+sennheiser ME67. Comments: individuo-CZ; lek-CCL. observado a 10 m de distancia, primera grabacion de CZ 100% confianza, despues pausa no estaba seguro si era el mismo, probablememte. Cerca de parche de heliconias cercano al rio, dia nublado.. To access original .WAV file contact marceloa27(at)gmail.com","yes","no",NA,NA,NA,NA,NA,NA,NA,NA
"154062","Phaethornis","longirostris","","Long-billed Hermit","Marcelo Araya-Salas","Costa Rica","La Selva Biological Station, Sarapiqui, Heredia","10.430488","-84.00628","song","//www.xeno-canto.org/154062/download","//creativecommons.org/licenses/by-nc-sa/3.0/","//www.xeno-canto.org/154062","B","7:31","2010-05-26","","//www.xeno-canto.org/sounds/uploaded/EMCWQLLKEW/ffts/XC154062-small.png","//www.xeno-canto.org/sounds/uploaded/EMCWQLLKEW/ffts/XC154062-med.png","//www.xeno-canto.org/sounds/uploaded/EMCWQLLKEW/ffts/XC154062-large.png","//www.xeno-canto.org/sounds/uploaded/EMCWQLLKEW/ffts/XC154062-full.png","3:18","2013-11-11","","Recording equipment: Marantz Pmd 660+sennheiser ME67. Comments: individuo-NM; lek-CCL. perchado a 4m, en percha 3NM, baja actividad en lek. To access original .WAV file contact marceloa27(at)gmail.com","yes","no",NA,NA,NA,NA,NA,NA,NA,NA
"154061","Phaethornis","longirostris","","Long-billed Hermit","Marcelo Araya-Salas","Costa Rica","La Selva Biological Station, Sarapiqui, Heredia","10.430488","-84.00628","song","//www.xeno-canto.org/154061/download","//creativecommons.org/licenses/by-nc-sa/3.0/","//www.xeno-canto.org/154061","B","14:44","2010-05-25","","//www.xeno-canto.org/sounds/uploaded/EMCWQLLKEW/ffts/XC154061-small.png","//www.xeno-canto.org/sounds/uploaded/EMCWQLLKEW/ffts/XC154061-med.png","//www.xeno-canto.org/sounds/uploaded/EMCWQLLKEW/ffts/XC154061-large.png","//www.xeno-canto.org/sounds/uploaded/EMCWQLLKEW/ffts/XC154061-full.png","4:20","2013-11-11","","Recording equipment: Marantz Pmd 660+sennheiser ME67. Comments: individuo-ARC; lek-CCL. perchado a 1.4m, percha 2RC. 100% confianza id. Dia nublado poca actividad en lek. To access original .WAV file contact marceloa27(at)gmail.com","yes","no",NA,NA,NA,NA,NA,NA,NA,NA
"140627","Phaethornis","longirostris","","Long-billed Hermit","Fernand DEROUSSEN","Costa Rica","Colorado, Sarapiqui, Limon","10.5715","-83.5207","song","//www.xeno-canto.org/140627/download","//creativecommons.org/licenses/by-nc-nd/3.0/","//www.xeno-canto.org/140627","B","09:00","1997-11-24","20","//www.xeno-canto.org/sounds/uploaded/UXGZWVYDFE/ffts/XC140627-small.png","//www.xeno-canto.org/sounds/uploaded/UXGZWVYDFE/ffts/XC140627-med.png","//www.xeno-canto.org/sounds/uploaded/UXGZWVYDFE/ffts/XC140627-large.png","//www.xeno-canto.org/sounds/uploaded/UXGZWVYDFE/ffts/XC140627-full.png","0:15","2013-06-29","","Under the canopy","no","no",NA,NA,NA,NA,NA,NA,NA,NA
"140617","Phaethornis","longirostris","","Long-billed Hermit","Fernand DEROUSSEN","Costa Rica","Colorado, Sarapiqui, Limon","10.5715","-83.5207","song","//www.xeno-canto.org/140617/download","//creativecommons.org/licenses/by-nc-nd/3.0/","//www.xeno-canto.org/140617","B","06:30","1997-11-25","20","//www.xeno-canto.org/sounds/uploaded/UXGZWVYDFE/ffts/XC140617-small.png","//www.xeno-canto.org/sounds/uploaded/UXGZWVYDFE/ffts/XC140617-med.png","//www.xeno-canto.org/sounds/uploaded/UXGZWVYDFE/ffts/XC140617-large.png","//www.xeno-canto.org/sounds/uploaded/UXGZWVYDFE/ffts/XC140617-full.png","0:37","2013-06-29","","","yes","no",NA,NA,NA,NA,NA,NA,NA,NA
"140608","Phaethornis","longirostris","","Long-billed Hermit","Fernand DEROUSSEN","Costa Rica","Colorado, Sarapiqui, Limon","10.5715","-83.5207","song","//www.xeno-canto.org/140608/download","//creativecommons.org/licenses/by-nc-nd/3.0/","//www.xeno-canto.org/140608","B","07:00","1997-11-24","20","//www.xeno-canto.org/sounds/uploaded/UXGZWVYDFE/ffts/XC140608-small.png","//www.xeno-canto.org/sounds/uploaded/UXGZWVYDFE/ffts/XC140608-med.png","//www.xeno-canto.org/sounds/uploaded/UXGZWVYDFE/ffts/XC140608-large.png","//www.xeno-canto.org/sounds/uploaded/UXGZWVYDFE/ffts/XC140608-full.png","0:31","2013-06-29","","","yes","no",NA,NA,NA,NA,NA,NA,NA,NA
"125964","Phaethornis","longirostris","","Long-billed Hermit","Mike Nelson","Guatemala","Tikal National Park, Peten","17.2226","-89.6237","call","//www.xeno-canto.org/125964/download","//creativecommons.org/licenses/by-nc-sa/3.0/","//www.xeno-canto.org/125964","B","13:00","2013-03-10","240","//www.xeno-canto.org/sounds/uploaded/PWDLINYMKL/ffts/XC125964-small.png","//www.xeno-canto.org/sounds/uploaded/PWDLINYMKL/ffts/XC125964-med.png","//www.xeno-canto.org/sounds/uploaded/PWDLINYMKL/ffts/XC125964-large.png","//www.xeno-canto.org/sounds/uploaded/PWDLINYMKL/ffts/XC125964-full.png","0:30","2013-03-20","","One of several birds seen here, this recording was made of two birds chasing each other around the flowers in the picture. img:http://www.flickr.com/photos/madbirder/8558557592/in/set-72157632998567644/","yes","no",NA,NA,NA,NA,NA,NA,NA,NA
"46976","Phaethornis","longirostris","cephalus","Long-billed Hermit","Mike Nelson","Panama","Torti, San Francisco Nature Reserve, Panama","8.9389","-78.4651","song","//www.xeno-canto.org/46976/download","//creativecommons.org/licenses/by-nc-sa/3.0/","//www.xeno-canto.org/46976","B","4:30pm","2009-01-18","300","//www.xeno-canto.org/sounds/uploaded/PWDLINYMKL/ffts/XC46976-small.png","//www.xeno-canto.org/sounds/uploaded/PWDLINYMKL/ffts/XC46976-med.png","//www.xeno-canto.org/sounds/uploaded/PWDLINYMKL/ffts/XC46976-large.png","//www.xeno-canto.org/sounds/uploaded/PWDLINYMKL/ffts/XC46976-full.png","0:16","2010-04-16","","Several birds at a lek","yes","no",NA,NA,NA,NA,NA,NA,NA,NA
"15543","Phaethornis","longirostris","","Long-billed Hermit","Don Jones","Costa Rica","La Selva, Sarapiqui, Heredia","10.4314","-84.039","300","//www.xeno-canto.org/15543/download","//creativecommons.org/licenses/by-nc-nd/2.5/","//www.xeno-canto.org/15543","B","?","1993-12-06","?","//www.xeno-canto.org/sounds/uploaded/BCWZQTGMSO/ffts/XC15543-small.png","//www.xeno-canto.org/sounds/uploaded/BCWZQTGMSO/ffts/XC15543-med.png","//www.xeno-canto.org/sounds/uploaded/BCWZQTGMSO/ffts/XC15543-large.png","//www.xeno-canto.org/sounds/uploaded/BCWZQTGMSO/ffts/XC15543-full.png","0:15","2008-11-20","","score for a single note","unknown","unknown",NA,NA,NA,NA,NA,NA,NA,NA
"410599","Phaethornis","longirostris","","Long-billed Hermit","Kent Livezey","Panama","Pipeline Road, Soberania NP","9.1332","-79.7195","song, wing whirrs","//www.xeno-canto.org/410599/download","//creativecommons.org/licenses/by-nc-sa/4.0/","//www.xeno-canto.org/410599","C","06:44","2017-05-06","70","//www.xeno-canto.org/sounds/uploaded/SZFQBBYSTI/ffts/XC410599-small.png","//www.xeno-canto.org/sounds/uploaded/SZFQBBYSTI/ffts/XC410599-med.png","//www.xeno-canto.org/sounds/uploaded/SZFQBBYSTI/ffts/XC410599-large.png","//www.xeno-canto.org/sounds/uploaded/SZFQBBYSTI/ffts/XC410599-full.png","0:14","2018-04-12",NA,"Hermit hovered 1.5 m from my head, then called and zipped away. You may need headphones to hear the many wing whirrs.","yes","no","Trogon rufus","Poliocrania exsul",NA,NA,NA,NA,NA,NA
"355346","Phaethornis","longirostris","","Long-billed Hermit","Kent Livezey","Panama","Torti, San Francisco Nature Reserve, Panama ","8.939","-78.465","song","//www.xeno-canto.org/355346/download","//creativecommons.org/licenses/by-nc-sa/4.0/","//www.xeno-canto.org/355346","C","17:24","2017-02-09","320","//www.xeno-canto.org/sounds/uploaded/SZFQBBYSTI/ffts/XC355346-small.png","//www.xeno-canto.org/sounds/uploaded/SZFQBBYSTI/ffts/XC355346-med.png","//www.xeno-canto.org/sounds/uploaded/SZFQBBYSTI/ffts/XC355346-large.png","//www.xeno-canto.org/sounds/uploaded/SZFQBBYSTI/ffts/XC355346-full.png","1:50","2017-02-11","","I was within 5 m of this singing hermit. Repetitive chips were punctuated with little falling phrases at 0:17 and 1:01.","yes","no",NA,NA,NA,NA,NA,NA,NA,NA
"244815","Phaethornis","longirostris","","Long-billed Hermit","Oscar Humberto Marín Gómez","Colombia","Reserva Natural Cañon del Río Claro “ El Refugio”, Antioquia","5.8334","-74.8667","lek, song","//www.xeno-canto.org/244815/download","//creativecommons.org/licenses/by-nc-sa/3.0/","//www.xeno-canto.org/244815","C","09:35","2009-10-24","350","//www.xeno-canto.org/sounds/uploaded/CSUHASNRSU/ffts/XC244815-small.png","//www.xeno-canto.org/sounds/uploaded/CSUHASNRSU/ffts/XC244815-med.png","//www.xeno-canto.org/sounds/uploaded/CSUHASNRSU/ffts/XC244815-large.png","//www.xeno-canto.org/sounds/uploaded/CSUHASNRSU/ffts/XC244815-full.png","1:50","2015-05-23","","Borde de bosque..Reference:OHMAA_B_0127","no","no",NA,NA,NA,NA,NA,NA,NA,NA
"244814","Phaethornis","longirostris","","Long-billed Hermit","Oscar Humberto Marín Gómez","Colombia","Reserva Natural Cañon del Río Claro “ El Refugio”, Antioquia","5.8334","-74.8667","lek, song","//www.xeno-canto.org/244814/download","//creativecommons.org/licenses/by-nc-sa/3.0/","//www.xeno-canto.org/244814","C","09:35","2009-10-24","350","//www.xeno-canto.org/sounds/uploaded/CSUHASNRSU/ffts/XC244814-small.png","//www.xeno-canto.org/sounds/uploaded/CSUHASNRSU/ffts/XC244814-med.png","//www.xeno-canto.org/sounds/uploaded/CSUHASNRSU/ffts/XC244814-large.png","//www.xeno-canto.org/sounds/uploaded/CSUHASNRSU/ffts/XC244814-full.png","2:09","2015-05-23","","Borde de bosque..Reference:OHMAA_A_2900","no","no",NA,NA,NA,NA,NA,NA,NA,NA
"227583","Phaethornis","longirostris","","Long-billed Hermit","Peter Boesman","Mexico","Bonampak, Chiapas","16.7","-91.0833333333","song","//www.xeno-canto.org/227583/download","//creativecommons.org/licenses/by-nc-nd/4.0/","//www.xeno-canto.org/227583","C","07:30","2003-04-09","","//www.xeno-canto.org/sounds/uploaded/OOECIWCSWV/ffts/XC227583-small.png","//www.xeno-canto.org/sounds/uploaded/OOECIWCSWV/ffts/XC227583-med.png","//www.xeno-canto.org/sounds/uploaded/OOECIWCSWV/ffts/XC227583-large.png","//www.xeno-canto.org/sounds/uploaded/OOECIWCSWV/ffts/XC227583-full.png","0:34","2015-03-23","","ID certainty 100%. (Archiv. tape 162 side B track 40 seq. B)","unknown","unknown",NA,NA,NA,NA,NA,NA,NA,NA
"154161","Phaethornis","longirostris","","Long-billed Hermit","Marcelo Araya-Salas","Costa Rica","La Selva Biological Station, Sarapiqui, Heredia","10.430488","-84.00628","song","//www.xeno-canto.org/154161/download","//creativecommons.org/licenses/by-nc-sa/3.0/","//www.xeno-canto.org/154161","C","9:19","2010-07-13","","//www.xeno-canto.org/sounds/uploaded/EMCWQLLKEW/ffts/XC154161-small.png","//www.xeno-canto.org/sounds/uploaded/EMCWQLLKEW/ffts/XC154161-med.png","//www.xeno-canto.org/sounds/uploaded/EMCWQLLKEW/ffts/XC154161-large.png","//www.xeno-canto.org/sounds/uploaded/EMCWQLLKEW/ffts/XC154161-full.png","2:10","2013-11-11","","Recording equipment: Marantz Pmd 660+sennheiser ME67. Comments: a 20 m de percha de PHAE044. mismo individuo. A 10 m del sendero SJ., Sendero Jaguar 800, La Selva . To access original .WAV file contact marceloa27(at)gmail.com","yes","no",NA,NA,NA,NA,NA,NA,NA,NA
"154080","Phaethornis","longirostris","","Long-billed Hermit","Marcelo Araya-Salas","Costa Rica","La Selva Biological Station, Sarapiqui, Heredia","10.430488","-84.00628","song","//www.xeno-canto.org/154080/download","//creativecommons.org/licenses/by-nc-sa/3.0/","//www.xeno-canto.org/154080","C","9:09","2010-05-28","150","//www.xeno-canto.org/sounds/uploaded/EMCWQLLKEW/ffts/XC154080-small.png","//www.xeno-canto.org/sounds/uploaded/EMCWQLLKEW/ffts/XC154080-med.png","//www.xeno-canto.org/sounds/uploaded/EMCWQLLKEW/ffts/XC154080-large.png","//www.xeno-canto.org/sounds/uploaded/EMCWQLLKEW/ffts/XC154080-full.png","0:54","2013-11-11","","Recording equipment: Marantz Pmd 660+sennheiser ME67. Comments: individuo-UN; lek-CCL. grabacion de indiv al otro lado del rio. No se observó. Usar para confirmar identificacion de VR.. To access original .WAV file contact marceloa27(at)gmail.com","yes","no",NA,NA,NA,NA,NA,NA,NA,NA
"10426","Phaethornis","longirostris","baroni","Long-billed Hermit","Wouter Halfwerk","Ecuador","Naranjal-Cuenca road, Guayas","-2.1167","-79.8334","song","//www.xeno-canto.org/10426/download","//creativecommons.org/licenses/by-nc-nd/2.5/","//www.xeno-canto.org/10426","C","9:00","2006-10-23","800","//www.xeno-canto.org/sounds/uploaded/DGHUWNTDBO/ffts/XC10426-small.png","//www.xeno-canto.org/sounds/uploaded/DGHUWNTDBO/ffts/XC10426-med.png","//www.xeno-canto.org/sounds/uploaded/DGHUWNTDBO/ffts/XC10426-large.png","//www.xeno-canto.org/sounds/uploaded/DGHUWNTDBO/ffts/XC10426-full.png","0:05","2008-11-20","","","unknown","unknown",NA,NA,NA,NA,NA,NA,NA,NA
"154071","Phaethornis","longirostris","","Long-billed Hermit","Marcelo Araya-Salas","Costa Rica","La Selva Biological Station, Sarapiqui, Heredia","10.430488","-84.00628","song","//www.xeno-canto.org/154071/download","//creativecommons.org/licenses/by-nc-sa/3.0/","//www.xeno-canto.org/154071","D","9:28","2010-05-27","150","//www.xeno-canto.org/sounds/uploaded/EMCWQLLKEW/ffts/XC154071-small.png","//www.xeno-canto.org/sounds/uploaded/EMCWQLLKEW/ffts/XC154071-med.png","//www.xeno-canto.org/sounds/uploaded/EMCWQLLKEW/ffts/XC154071-large.png","//www.xeno-canto.org/sounds/uploaded/EMCWQLLKEW/ffts/XC154071-full.png","1:17","2013-11-11","","Recording equipment: Marantz Pmd 660+sennheiser ME67. Comments: individuo-CZ; lek-CCL. 2 m de altura percha, percha 5CZ. Dia nublado. To access original .WAV file contact marceloa27(at)gmail.com","yes","no",NA,NA,NA,NA,NA,NA,NA,NA
"185218","Phaethornis","mexicanus","","Mexican Hermit","Steve Hampton","Mexico","La Palma-Tecuitata Road, Nayarit","21.4955","-105.1513","song","//www.xeno-canto.org/185218/download","//creativecommons.org/licenses/by-nc-sa/4.0/","//www.xeno-canto.org/185218","A","09:00","2014-06-19","280","//www.xeno-canto.org/sounds/uploaded/BUGKVZBWKF/ffts/XC185218-small.png","//www.xeno-canto.org/sounds/uploaded/BUGKVZBWKF/ffts/XC185218-med.png","//www.xeno-canto.org/sounds/uploaded/BUGKVZBWKF/ffts/XC185218-large.png","//www.xeno-canto.org/sounds/uploaded/BUGKVZBWKF/ffts/XC185218-full.png","0:19","2014-07-05","","singing while perched at lek site","yes","no",NA,NA,NA,NA,NA,NA,NA,NA
"313906","Phaethornis","mexicanus","","Mexican Hermit","Rene Valdes","Mexico","La Palma-Tecuitata Road","21.4831","-105.1564","call","//www.xeno-canto.org/313906/download","//creativecommons.org/licenses/by-nc-sa/4.0/","//www.xeno-canto.org/313906","B","09:30","2016-04-24","260","//www.xeno-canto.org/sounds/uploaded/UHEEFCXACR/ffts/XC313906-small.png","//www.xeno-canto.org/sounds/uploaded/UHEEFCXACR/ffts/XC313906-med.png","//www.xeno-canto.org/sounds/uploaded/UHEEFCXACR/ffts/XC313906-large.png","//www.xeno-canto.org/sounds/uploaded/UHEEFCXACR/ffts/XC313906-full.png","0:20","2016-04-27","","Bird perched at a lek site","yes","no",NA,NA,NA,NA,NA,NA,NA,NA
"355096","Phaethornis","mexicanus","","Mexican Hermit","Jonathan Vargas","Mexico","La Palma-Tecuitata Road","21.4831","-105.1564","song","//www.xeno-canto.org/355096/download","//creativecommons.org/licenses/by-nc-sa/4.0/","//www.xeno-canto.org/355096","C","11:00","2017-02-06","260","//www.xeno-canto.org/sounds/uploaded/GJFRZSTYUL/ffts/XC355096-small.png","//www.xeno-canto.org/sounds/uploaded/GJFRZSTYUL/ffts/XC355096-med.png","//www.xeno-canto.org/sounds/uploaded/GJFRZSTYUL/ffts/XC355096-large.png","//www.xeno-canto.org/sounds/uploaded/GJFRZSTYUL/ffts/XC355096-full.png","0:43","2017-02-10","","La ubicación ha sido conocida anteriormente, la grabación fue hecha a 3 metros del individuo con el celular.","yes","no",NA,NA,NA,NA,NA,NA,NA,NA
"427765","Phaethornis","superciliosus","","Long-tailed Hermit","Caio Brito","Brazil","Propriedade da CDI, Maraba-PA, Pará","-5.421313","-49.115539","canto","//www.xeno-canto.org/427765/download","//creativecommons.org/licenses/by-nc-sa/4.0/","//www.xeno-canto.org/427765","A","10:10","2014-07-16","120","//www.xeno-canto.org/sounds/uploaded/YWWWUBVAJF/ffts/XC427765-small.png","//www.xeno-canto.org/sounds/uploaded/YWWWUBVAJF/ffts/XC427765-med.png","//www.xeno-canto.org/sounds/uploaded/YWWWUBVAJF/ffts/XC427765-large.png","//www.xeno-canto.org/sounds/uploaded/YWWWUBVAJF/ffts/XC427765-full.png","0:35","2018-07-23","","habitat:Amazônia;
recorder:Sony PCM-M10;
microphone:Sennheiser ME-066;
volume setting:??;
weather:Ensolarado;","unknown","unknown",NA,NA,NA,NA,NA,NA,NA,NA
"394430","Phaethornis","superciliosus","","Long-tailed Hermit","Phil Stouffer","Brazil","BDFFP, Amazonas state","-2.4042","-59.8673","song","//www.xeno-canto.org/394430/download","//creativecommons.org/licenses/by-nc-sa/4.0/","//www.xeno-canto.org/394430","A","?","1992-00-00","110","//www.xeno-canto.org/sounds/uploaded/QCRJBRYRWW/ffts/XC394430-small.png","//www.xeno-canto.org/sounds/uploaded/QCRJBRYRWW/ffts/XC394430-med.png","//www.xeno-canto.org/sounds/uploaded/QCRJBRYRWW/ffts/XC394430-large.png","//www.xeno-canto.org/sounds/uploaded/QCRJBRYRWW/ffts/XC394430-full.png","0:12","2017-11-28","","","unknown","no",NA,NA,NA,NA,NA,NA,NA,NA
"345711","Phaethornis","superciliosus","","Long-tailed Hermit","Juha Honkala","Brazil","Presidente Figueiredo, Cachoeira da Onca RPPN, Amazonas","-2.0118","-60.0344","song","//www.xeno-canto.org/345711/download","//creativecommons.org/licenses/by-nc-sa/4.0/","//www.xeno-canto.org/345711","A","09:30","2016-11-02","110","//www.xeno-canto.org/sounds/uploaded/UTCLOBFQPH/ffts/XC345711-small.png","//www.xeno-canto.org/sounds/uploaded/UTCLOBFQPH/ffts/XC345711-med.png","//www.xeno-canto.org/sounds/uploaded/UTCLOBFQPH/ffts/XC345711-large.png","//www.xeno-canto.org/sounds/uploaded/UTCLOBFQPH/ffts/XC345711-full.png","0:18","2016-12-09","","Campinarana- type forest in protected forest reserve.","yes","no",NA,NA,NA,NA,NA,NA,NA,NA
"343642","Phaethornis","superciliosus","","Long-tailed Hermit","Jeremy Minns","Brazil","São Gabriel da Cachoeira, Amazonas","-0.1334","-67.0834","song","//www.xeno-canto.org/343642/download","//creativecommons.org/licenses/by-nc-sa/4.0/","//www.xeno-canto.org/343642","A","09:06","2004-08-05","70","//www.xeno-canto.org/sounds/uploaded/DGVLLRYDXS/ffts/XC343642-small.png","//www.xeno-canto.org/sounds/uploaded/DGVLLRYDXS/ffts/XC343642-med.png","//www.xeno-canto.org/sounds/uploaded/DGVLLRYDXS/ffts/XC343642-large.png","//www.xeno-canto.org/sounds/uploaded/DGVLLRYDXS/ffts/XC343642-full.png","0:23","2016-11-21","","right bank of rio Negro - low forest with dense, thin trees on sandy soil - at same lek as recorded in XC343640 and XC343641","yes","yes",NA,NA,NA,NA,NA,NA,NA,NA
"343641","Phaethornis","superciliosus","","Long-tailed Hermit","Jeremy Minns","Brazil","São Gabriel da Cachoeira, Amazonas","-0.1334","-67.0834","song","//www.xeno-canto.org/343641/download","//creativecommons.org/licenses/by-nc-sa/4.0/","//www.xeno-canto.org/343641","A","08:58","2004-08-05","70","//www.xeno-canto.org/sounds/uploaded/DGVLLRYDXS/ffts/XC343641-small.png","//www.xeno-canto.org/sounds/uploaded/DGVLLRYDXS/ffts/XC343641-med.png","//www.xeno-canto.org/sounds/uploaded/DGVLLRYDXS/ffts/XC343641-large.png","//www.xeno-canto.org/sounds/uploaded/DGVLLRYDXS/ffts/XC343641-full.png","1:02","2016-11-21",NA,"right bank of rio Negro - low forest with dense, thin trees on sandy soil - at same lek as recorded in XC343640","yes","yes","Thamnomanes ardesiacus","Pharomachrus pavoninus",NA,NA,NA,NA,NA,NA
"343640","Phaethornis","superciliosus","","Long-tailed Hermit","Jeremy Minns","Brazil","São Gabriel da Cachoeira, Amazonas","-0.1334","-67.0834","song","//www.xeno-canto.org/343640/download","//creativecommons.org/licenses/by-nc-sa/4.0/","//www.xeno-canto.org/343640","A","08:31","2004-08-05","70","//www.xeno-canto.org/sounds/uploaded/DGVLLRYDXS/ffts/XC343640-small.png","//www.xeno-canto.org/sounds/uploaded/DGVLLRYDXS/ffts/XC343640-med.png","//www.xeno-canto.org/sounds/uploaded/DGVLLRYDXS/ffts/XC343640-large.png","//www.xeno-canto.org/sounds/uploaded/DGVLLRYDXS/ffts/XC343640-full.png","2:07","2016-11-21","","right bank of rio Negro - low forest with dense, thin trees on sandy soil - several birds at a lek - one seen well - size of P. superciliosus - bill long, decurved, appeared red against sun - uniform buffy below, a little darker at throat - long white central rectrices - dark subterminal band on outer rectrices.","yes","no",NA,NA,NA,NA,NA,NA,NA,NA
"272361","Phaethornis","superciliosus","","Long-tailed Hermit","Peter Boesman","Suriname","Mozeskreek area, W Suriname","4.85","-56.78","","//www.xeno-canto.org/272361/download","//creativecommons.org/licenses/by-nc-nd/4.0/","//www.xeno-canto.org/272361","A","11:00:00 AM","2013-03-14","","//www.xeno-canto.org/sounds/uploaded/OOECIWCSWV/ffts/XC272361-small.png","//www.xeno-canto.org/sounds/uploaded/OOECIWCSWV/ffts/XC272361-med.png","//www.xeno-canto.org/sounds/uploaded/OOECIWCSWV/ffts/XC272361-large.png","//www.xeno-canto.org/sounds/uploaded/OOECIWCSWV/ffts/XC272361-full.png","0:08","2015-08-26","","","unknown","unknown",NA,NA,NA,NA,NA,NA,NA,NA
"272360","Phaethornis","superciliosus","","Long-tailed Hermit","Peter Boesman","Suriname","Mozeskreek area, W Suriname","4.85","-56.78","song","//www.xeno-canto.org/272360/download","//creativecommons.org/licenses/by-nc-nd/4.0/","//www.xeno-canto.org/272360","A","07:15:00 AM","2013-03-14","","//www.xeno-canto.org/sounds/uploaded/OOECIWCSWV/ffts/XC272360-small.png","//www.xeno-canto.org/sounds/uploaded/OOECIWCSWV/ffts/XC272360-med.png","//www.xeno-canto.org/sounds/uploaded/OOECIWCSWV/ffts/XC272360-large.png","//www.xeno-canto.org/sounds/uploaded/OOECIWCSWV/ffts/XC272360-full.png","0:52","2015-08-26",NA,"ID certainty 90%.","unknown","unknown","Myrmotherula axillaris","Cercomacroides tyrannina",NA,NA,NA,NA,NA,NA
"272359","Phaethornis","superciliosus","","Long-tailed Hermit","Peter Boesman","Suriname","Mozeskreek area, W Suriname","4.85","-56.78","song","//www.xeno-canto.org/272359/download","//creativecommons.org/licenses/by-nc-nd/4.0/","//www.xeno-canto.org/272359","A","07:15:00 AM","2013-03-14","","//www.xeno-canto.org/sounds/uploaded/OOECIWCSWV/ffts/XC272359-small.png","//www.xeno-canto.org/sounds/uploaded/OOECIWCSWV/ffts/XC272359-med.png","//www.xeno-canto.org/sounds/uploaded/OOECIWCSWV/ffts/XC272359-large.png","//www.xeno-canto.org/sounds/uploaded/OOECIWCSWV/ffts/XC272359-full.png","0:17","2015-08-26",NA,"ID certainty 90%.","unknown","unknown","Xiphorhynchus guttatus","Cercomacroides tyrannina",NA,NA,NA,NA,NA,NA
"253876","Phaethornis","superciliosus","muelleri","Long-tailed Hermit","Alex Lees","Brazil","Barcarena, Barcarena, Pará","-1.5849","-48.7139","song","//www.xeno-canto.org/253876/download","//creativecommons.org/licenses/by-nc-sa/4.0/","//www.xeno-canto.org/253876","A","12:00","2015-06-15","40","//www.xeno-canto.org/sounds/uploaded/INDDBZAFJL/ffts/XC253876-small.png","//www.xeno-canto.org/sounds/uploaded/INDDBZAFJL/ffts/XC253876-med.png","//www.xeno-canto.org/sounds/uploaded/INDDBZAFJL/ffts/XC253876-large.png","//www.xeno-canto.org/sounds/uploaded/INDDBZAFJL/ffts/XC253876-full.png","0:44","2015-06-25",NA,"in primary forest","no","no","Cercomacroides laeta","Zimmerius acer","Myiopagis gaimardii","Thamnophilus aethiops","Ceratopipra rubrocapilla",NA,NA,NA
"213057","Phaethornis","superciliosus","","Long-tailed Hermit","GABRIEL LEITE","Brazil","Canaã dos Carajás, Canaã dos Carajás, Pará","-6.6021","-49.9713","song","//www.xeno-canto.org/213057/download","//creativecommons.org/licenses/by-nc-sa/4.0/","//www.xeno-canto.org/213057","A","08:00","2015-02-01","240","//www.xeno-canto.org/sounds/uploaded/TGBFXDVERJ/ffts/XC213057-small.png","//www.xeno-canto.org/sounds/uploaded/TGBFXDVERJ/ffts/XC213057-med.png","//www.xeno-canto.org/sounds/uploaded/TGBFXDVERJ/ffts/XC213057-large.png","//www.xeno-canto.org/sounds/uploaded/TGBFXDVERJ/ffts/XC213057-full.png","0:25","2015-02-12","","","yes","no",NA,NA,NA,NA,NA,NA,NA,NA
"114282","Phaethornis","superciliosus","","Long-tailed Hermit","Jon King","French Guiana","Saul, St Laurent Du Maroni","3.6217","-53.2088","song","//www.xeno-canto.org/114282/download","//creativecommons.org/licenses/by-nc-sa/3.0/","//www.xeno-canto.org/114282","A","10:41","2012-09-11","210","//www.xeno-canto.org/sounds/uploaded/LNEEOOWCQR/ffts/XC114282-small.png","//www.xeno-canto.org/sounds/uploaded/LNEEOOWCQR/ffts/XC114282-med.png","//www.xeno-canto.org/sounds/uploaded/LNEEOOWCQR/ffts/XC114282-large.png","//www.xeno-canto.org/sounds/uploaded/LNEEOOWCQR/ffts/XC114282-full.png","0:44","2012-12-08","","Distance to mic. 6m (nearest individual of 3+). Natural song at lek.","yes","no",NA,NA,NA,NA,NA,NA,NA,NA
"91212","Phaethornis","superciliosus","","Long-tailed Hermit","Bradley Davis","Brazil","Tapajos National Forest, Bacia 363, Santarem","-3.2939","-54.9978","call","//www.xeno-canto.org/91212/download","//creativecommons.org/licenses/by-nc-nd/2.5/","//www.xeno-canto.org/91212","A","AM","2011-01-26","?","//www.xeno-canto.org/sounds/uploaded/YNXJLOESBB/ffts/XC91212-small.png","//www.xeno-canto.org/sounds/uploaded/YNXJLOESBB/ffts/XC91212-med.png","//www.xeno-canto.org/sounds/uploaded/YNXJLOESBB/ffts/XC91212-large.png","//www.xeno-canto.org/sounds/uploaded/YNXJLOESBB/ffts/XC91212-full.png","0:41","2011-12-06",NA,"Visual ID","unknown","unknown","Lipaugus vociferans","Querula purpurata",NA,NA,NA,NA,NA,NA
"74911","Phaethornis","superciliosus","","Long-tailed Hermit","Daniel Lane","Suriname","Foengoe Island, Coppename River","4.725","-56.206","song","//www.xeno-canto.org/74911/download","//creativecommons.org/licenses/by-nc-sa/3.0/","//www.xeno-canto.org/74911","A","09:50","2011-03-07","60","//www.xeno-canto.org/sounds/uploaded/WOEAFQRMUD/ffts/XC74911-small.png","//www.xeno-canto.org/sounds/uploaded/WOEAFQRMUD/ffts/XC74911-med.png","//www.xeno-canto.org/sounds/uploaded/WOEAFQRMUD/ffts/XC74911-large.png","//www.xeno-canto.org/sounds/uploaded/WOEAFQRMUD/ffts/XC74911-full.png","0:49","2011-04-03",NA,"Natural song from a perched bird about 2.5m up in palm-dominated understory of tall forest. Tail wagging as it sang.","unknown","unknown","Xiphorhynchus guttatus","Myrmoderus ferrugineus","Cacicus cela","Myrmoborus leucophrys","Trogon violaceus","Thamnophilus amazonicus","Campephilus rubricollis","Cercomacra cinerascens"
"65118","Phaethornis","superciliosus","","Long-tailed Hermit","Alexandre Renaudier","French Guiana","Mont Itoupé","3.01667","-53.0667","lekking bird","//www.xeno-canto.org/65118/download","//creativecommons.org/licenses/by-nc-nd/2.5/","//www.xeno-canto.org/65118","A","?","2010-10-08","650","//www.xeno-canto.org/sounds/uploaded/GKADEITXTH/ffts/XC65118-small.png","//www.xeno-canto.org/sounds/uploaded/GKADEITXTH/ffts/XC65118-med.png","//www.xeno-canto.org/sounds/uploaded/GKADEITXTH/ffts/XC65118-large.png","//www.xeno-canto.org/sounds/uploaded/GKADEITXTH/ffts/XC65118-full.png","0:30","2010-11-05","","","unknown","unknown",NA,NA,NA,NA,NA,NA,NA,NA
"64998","Phaethornis","superciliosus","","Long-tailed Hermit","Alexandre Renaudier","French Guiana","Mont Itoupé","3.01667","-53.0667","song at lek","//www.xeno-canto.org/64998/download","//creativecommons.org/licenses/by-nc-nd/2.5/","//www.xeno-canto.org/64998","A","?","2010-10-03","650","//www.xeno-canto.org/sounds/uploaded/GKADEITXTH/ffts/XC64998-small.png","//www.xeno-canto.org/sounds/uploaded/GKADEITXTH/ffts/XC64998-med.png","//www.xeno-canto.org/sounds/uploaded/GKADEITXTH/ffts/XC64998-large.png","//www.xeno-canto.org/sounds/uploaded/GKADEITXTH/ffts/XC64998-full.png","0:52","2010-11-05","Trogon rufus","","unknown","unknown",NA,NA,NA,NA,NA,NA,NA,NA
"44162","Phaethornis","superciliosus","superciliosus","Long-tailed Hermit","Alexandre Renaudier","French Guiana","Reserve Naturelle de la Trinite",NA,NA,"lekking birds","//www.xeno-canto.org/44162/download","//creativecommons.org/licenses/by-nc-nd/2.5/","//www.xeno-canto.org/44162","A","?:?","2009-10-19","120","//www.xeno-canto.org/sounds/uploaded/GKADEITXTH/ffts/XC44162-small.png","//www.xeno-canto.org/sounds/uploaded/GKADEITXTH/ffts/XC44162-med.png","//www.xeno-canto.org/sounds/uploaded/GKADEITXTH/ffts/XC44162-large.png","//www.xeno-canto.org/sounds/uploaded/GKADEITXTH/ffts/XC44162-full.png","0:27","2010-02-08","","natural recording","unknown","unknown",NA,NA,NA,NA,NA,NA,NA,NA
"42729","Phaethornis","superciliosus","","Long-tailed Hermit","Olivier Claessens","French Guiana","camp Aya, Trinité Nature Reserve","4.6006","-53.412","song?","//www.xeno-canto.org/42729/download","//creativecommons.org/licenses/by-nc-nd/2.5/","//www.xeno-canto.org/42729","A","10:15","2009-10-25","120","//www.xeno-canto.org/sounds/uploaded/KRQYNRSSDF/ffts/XC42729-small.png","//www.xeno-canto.org/sounds/uploaded/KRQYNRSSDF/ffts/XC42729-med.png","//www.xeno-canto.org/sounds/uploaded/KRQYNRSSDF/ffts/XC42729-large.png","//www.xeno-canto.org/sounds/uploaded/KRQYNRSSDF/ffts/XC42729-full.png","0:12","2010-01-15","","perched bird","unknown","unknown",NA,NA,NA,NA,NA,NA,NA,NA
"8625","Phaethornis","superciliosus","superciliosus","Long-tailed Hermit","Nick Athanas","Guyana","Iwokrama Forest","4.2448","-58.9056","lekking","//www.xeno-canto.org/8625/download","//creativecommons.org/licenses/by-nc-sa/3.0/","//www.xeno-canto.org/8625","A","15:41","2006-11-23","50","//www.xeno-canto.org/sounds/uploaded/XRABICUARW/ffts/XC8625-small.png","//www.xeno-canto.org/sounds/uploaded/XRABICUARW/ffts/XC8625-med.png","//www.xeno-canto.org/sounds/uploaded/XRABICUARW/ffts/XC8625-large.png","//www.xeno-canto.org/sounds/uploaded/XRABICUARW/ffts/XC8625-full.png","0:44","2008-11-20","","","unknown","unknown",NA,NA,NA,NA,NA,NA,NA,NA
"454960","Phaethornis","superciliosus","","Long-tailed Hermit","Amanda Monte","Brazil","Parque Ecológico de Gunma, Santa Bárbara do Pará, Para","-1.2067","-48.2882","song","//www.xeno-canto.org/454960/download","//creativecommons.org/licenses/by-nc-sa/4.0/","//www.xeno-canto.org/454960","B","09:00","2014-07-10","30","//www.xeno-canto.org/sounds/uploaded/CHIRBAWGVT/ffts/XC454960-small.png","//www.xeno-canto.org/sounds/uploaded/CHIRBAWGVT/ffts/XC454960-med.png","//www.xeno-canto.org/sounds/uploaded/CHIRBAWGVT/ffts/XC454960-large.png","//www.xeno-canto.org/sounds/uploaded/CHIRBAWGVT/ffts/XC454960-full.png","0:05","2019-02-04","","","yes","no",NA,NA,NA,NA,NA,NA,NA,NA
"409068","Phaethornis","superciliosus","muelleri","Long-tailed Hermit","Sidnei Dantas","Brazil","Mosqueiro Island, Belém, Pará","-1.099","-48.3334","song","//www.xeno-canto.org/409068/download","//creativecommons.org/licenses/by-nc-sa/4.0/","//www.xeno-canto.org/409068","B","10:00","2018-03-25","20","//www.xeno-canto.org/sounds/uploaded/NNCKQMBGPH/ffts/XC409068-small.png","//www.xeno-canto.org/sounds/uploaded/NNCKQMBGPH/ffts/XC409068-med.png","//www.xeno-canto.org/sounds/uploaded/NNCKQMBGPH/ffts/XC409068-large.png","//www.xeno-canto.org/sounds/uploaded/NNCKQMBGPH/ffts/XC409068-full.png","0:21","2018-04-04","Herpsilochmus rufimarginatus","One individual perched 01 meter high in undergrowth of disturbed terra firme/campinarana forest.","yes","no",NA,NA,NA,NA,NA,NA,NA,NA
"401254","Phaethornis","superciliosus","","Long-tailed Hermit","Guido O. Keijl","Suriname","Brownsweg, Brokopondo","4.9448","-55.1857","male, song","//www.xeno-canto.org/401254/download","//creativecommons.org/licenses/by-nc-sa/4.0/","//www.xeno-canto.org/401254","B","11:52","2017-11-15","500","//www.xeno-canto.org/sounds/uploaded/HTEZKMGDVJ/ffts/XC401254-small.png","//www.xeno-canto.org/sounds/uploaded/HTEZKMGDVJ/ffts/XC401254-med.png","//www.xeno-canto.org/sounds/uploaded/HTEZKMGDVJ/ffts/XC401254-large.png","//www.xeno-canto.org/sounds/uploaded/HTEZKMGDVJ/ffts/XC401254-full.png","0:22","2018-01-30","","","yes","no",NA,NA,NA,NA,NA,NA,NA,NA
"401242","Phaethornis","superciliosus","","Long-tailed Hermit","Guido O. Keijl","Suriname","Brownsweg, Brokopondo","4.9539","-55.1886","song","//www.xeno-canto.org/401242/download","//creativecommons.org/licenses/by-nc-sa/4.0/","//www.xeno-canto.org/401242","B","08:37","2017-11-14","440","//www.xeno-canto.org/sounds/uploaded/HTEZKMGDVJ/ffts/XC401242-small.png","//www.xeno-canto.org/sounds/uploaded/HTEZKMGDVJ/ffts/XC401242-med.png","//www.xeno-canto.org/sounds/uploaded/HTEZKMGDVJ/ffts/XC401242-large.png","//www.xeno-canto.org/sounds/uploaded/HTEZKMGDVJ/ffts/XC401242-full.png","0:51","2018-01-30","","Lek with 13 males.","yes","no",NA,NA,NA,NA,NA,NA,NA,NA
"272358","Phaethornis","superciliosus","","Long-tailed Hermit","Peter Boesman","Suriname","Mozeskreek area, W Suriname","4.85","-56.78","call","//www.xeno-canto.org/272358/download","//creativecommons.org/licenses/by-nc-nd/4.0/","//www.xeno-canto.org/272358","B","08:45:00 AM","2011-03-14","","//www.xeno-canto.org/sounds/uploaded/OOECIWCSWV/ffts/XC272358-small.png","//www.xeno-canto.org/sounds/uploaded/OOECIWCSWV/ffts/XC272358-med.png","//www.xeno-canto.org/sounds/uploaded/OOECIWCSWV/ffts/XC272358-large.png","//www.xeno-canto.org/sounds/uploaded/OOECIWCSWV/ffts/XC272358-full.png","0:07","2015-08-26","","","unknown","unknown",NA,NA,NA,NA,NA,NA,NA,NA
"271890","Phaethornis","superciliosus","","Long-tailed Hermit","Peter Boesman","Suriname","Brownsberg, Brokopondo","4.94179","-55.171752","call","//www.xeno-canto.org/271890/download","//creativecommons.org/licenses/by-nc-nd/4.0/","//www.xeno-canto.org/271890","B","10:00","2014-03-17","","//www.xeno-canto.org/sounds/uploaded/OOECIWCSWV/ffts/XC271890-small.png","//www.xeno-canto.org/sounds/uploaded/OOECIWCSWV/ffts/XC271890-med.png","//www.xeno-canto.org/sounds/uploaded/OOECIWCSWV/ffts/XC271890-large.png","//www.xeno-canto.org/sounds/uploaded/OOECIWCSWV/ffts/XC271890-full.png","0:01","2015-08-26","","","unknown","unknown",NA,NA,NA,NA,NA,NA,NA,NA
"227614","Phaethornis","superciliosus","","Long-tailed Hermit","Peter Boesman","Venezuela","Junglaven area, Amazonas","5","-66.3833333333","song","//www.xeno-canto.org/227614/download","//creativecommons.org/licenses/by-nc-nd/4.0/","//www.xeno-canto.org/227614","B","?","1993-11-01","100 - 300","//www.xeno-canto.org/sounds/uploaded/OOECIWCSWV/ffts/XC227614-small.png","//www.xeno-canto.org/sounds/uploaded/OOECIWCSWV/ffts/XC227614-med.png","//www.xeno-canto.org/sounds/uploaded/OOECIWCSWV/ffts/XC227614-large.png","//www.xeno-canto.org/sounds/uploaded/OOECIWCSWV/ffts/XC227614-full.png","0:09","2015-03-23","","ID certainty 100%. (Archiv. tape 5 side B track 9 seq. A)","unknown","unknown",NA,NA,NA,NA,NA,NA,NA,NA
"123089","Phaethornis","superciliosus","muelleri","Long-tailed Hermit","Richard Hoyer","Brazil","Cristalino Jungle Lodge, MT","-9.5981","-55.932","male, song","//www.xeno-canto.org/123089/download","//creativecommons.org/licenses/by-nc-sa/3.0/","//www.xeno-canto.org/123089","B","08:55","2012-06-18","260","//www.xeno-canto.org/sounds/uploaded/SRRRBQPENI/ffts/XC123089-small.png","//www.xeno-canto.org/sounds/uploaded/SRRRBQPENI/ffts/XC123089-med.png","//www.xeno-canto.org/sounds/uploaded/SRRRBQPENI/ffts/XC123089-large.png","//www.xeno-canto.org/sounds/uploaded/SRRRBQPENI/ffts/XC123089-full.png","1:20","2013-02-28","Lipaugus vociferans","On lek, photo at Wikiaves","yes","no",NA,NA,NA,NA,NA,NA,NA,NA
"119297","Phaethornis","superciliosus","","Long-tailed Hermit","GABRIEL LEITE","Brazil","Presidente Figueiredo, Amazonas","-1.8097","-59.6667","call","//www.xeno-canto.org/119297/download","//creativecommons.org/licenses/by-nc-sa/3.0/","//www.xeno-canto.org/119297","B","09:00","2010-09-30","40","//www.xeno-canto.org/sounds/uploaded/TGBFXDVERJ/ffts/XC119297-small.png","//www.xeno-canto.org/sounds/uploaded/TGBFXDVERJ/ffts/XC119297-med.png","//www.xeno-canto.org/sounds/uploaded/TGBFXDVERJ/ffts/XC119297-large.png","//www.xeno-canto.org/sounds/uploaded/TGBFXDVERJ/ffts/XC119297-full.png","0:14","2013-01-23","","","yes","no",NA,NA,NA,NA,NA,NA,NA,NA
"85916","Phaethornis","superciliosus","muelleri","Long-tailed Hermit","Nargila Moura","Brazil","Paragominas, PA, Brazil, Bacia 147 ","-3.9187","-47.177","song","//www.xeno-canto.org/85916/download","//creativecommons.org/licenses/by-nc-nd/2.5/","//www.xeno-canto.org/85916","B","07:00","2010-07-28","?","//www.xeno-canto.org/sounds/uploaded/CWEIBYBYYD/ffts/XC85916-small.png","//www.xeno-canto.org/sounds/uploaded/CWEIBYBYYD/ffts/XC85916-med.png","//www.xeno-canto.org/sounds/uploaded/CWEIBYBYYD/ffts/XC85916-large.png","//www.xeno-canto.org/sounds/uploaded/CWEIBYBYYD/ffts/XC85916-full.png","0:12","2011-08-06",NA,"selectively-logged primary forest","unknown","unknown","Attila spadiceus","Querula purpurata",NA,NA,NA,NA,NA,NA
"49635","Phaethornis","superciliosus","","Long-tailed Hermit","Patrick INGREMEAU","French Guiana","Route de Kaw - Roura",NA,NA,"alarm call ?","//www.xeno-canto.org/49635/download","//creativecommons.org/licenses/by-nc-nd/2.5/","//www.xeno-canto.org/49635","B","06:49","2010-05-05","?","//www.xeno-canto.org/sounds/uploaded/IIVTYSKEYX/ffts/XC49635-small.png","//www.xeno-canto.org/sounds/uploaded/IIVTYSKEYX/ffts/XC49635-med.png","//www.xeno-canto.org/sounds/uploaded/IIVTYSKEYX/ffts/XC49635-large.png","//www.xeno-canto.org/sounds/uploaded/IIVTYSKEYX/ffts/XC49635-full.png","0:22","2010-05-14","","","unknown","unknown",NA,NA,NA,NA,NA,NA,NA,NA
"30253","Phaethornis","superciliosus","superciliosus","Long-tailed Hermit","Andrew Spencer","Venezuela","5km west of San Isidro, Bolivar","6.1501","-61.4706","flight call","//www.xeno-canto.org/30253/download","//creativecommons.org/licenses/by-nc-nd/2.5/","//www.xeno-canto.org/30253","B","07:30","2008-07-10","170","//www.xeno-canto.org/sounds/uploaded/CDTGHVBGZP/ffts/XC30253-small.png","//www.xeno-canto.org/sounds/uploaded/CDTGHVBGZP/ffts/XC30253-med.png","//www.xeno-canto.org/sounds/uploaded/CDTGHVBGZP/ffts/XC30253-large.png","//www.xeno-canto.org/sounds/uploaded/CDTGHVBGZP/ffts/XC30253-full.png","0:01","2009-02-25","","","unknown","unknown",NA,NA,NA,NA,NA,NA,NA,NA
"24193","Phaethornis","superciliosus","","Long-tailed Hermit","Ken Allaire","Guyana","Iwokrama Forest","4.2448","-58.9056","call","//www.xeno-canto.org/24193/download","//creativecommons.org/licenses/by-nc-nd/2.5/","//www.xeno-canto.org/24193","B","15:30","2008-07-29","80","//www.xeno-canto.org/sounds/uploaded/AEWPPXBBYE/ffts/XC24193-small.png","//www.xeno-canto.org/sounds/uploaded/AEWPPXBBYE/ffts/XC24193-med.png","//www.xeno-canto.org/sounds/uploaded/AEWPPXBBYE/ffts/XC24193-large.png","//www.xeno-canto.org/sounds/uploaded/AEWPPXBBYE/ffts/XC24193-full.png","0:10","2008-11-20","","","unknown","unknown",NA,NA,NA,NA,NA,NA,NA,NA
"493824","Phaethornis","superciliosus","","Long-tailed Hermit","JAYRSON ARAUJO DE OLIVEIRA","Brazil","Manaus, Amazonas","-2.6034","-59.9435","song","//www.xeno-canto.org/493824/download","//creativecommons.org/licenses/by-nc-sa/4.0/","//www.xeno-canto.org/493824","C","15:38","2019-08-04","110","//www.xeno-canto.org/sounds/uploaded/LXKLWEDKEM/ffts/XC493824-small.png","//www.xeno-canto.org/sounds/uploaded/LXKLWEDKEM/ffts/XC493824-med.png","//www.xeno-canto.org/sounds/uploaded/LXKLWEDKEM/ffts/XC493824-large.png","//www.xeno-canto.org/sounds/uploaded/LXKLWEDKEM/ffts/XC493824-full.png","0:42","2019-08-23","","","yes","no",NA,NA,NA,NA,NA,NA,NA,NA
"387864","Phaethornis","superciliosus","","Long-tailed Hermit","Albert Lastukhin","Venezuela","Puerto Ajacucho","5.6709","-67.5551","flight call","//www.xeno-canto.org/387864/download","//creativecommons.org/licenses/by-nc-sa/4.0/","//www.xeno-canto.org/387864","C","08:30","2011-03-24","160","//www.xeno-canto.org/sounds/uploaded/LELYWQKUZX/ffts/XC387864-small.png","//www.xeno-canto.org/sounds/uploaded/LELYWQKUZX/ffts/XC387864-med.png","//www.xeno-canto.org/sounds/uploaded/LELYWQKUZX/ffts/XC387864-large.png","//www.xeno-canto.org/sounds/uploaded/LELYWQKUZX/ffts/XC387864-full.png","0:09","2017-09-29","","","yes","no",NA,NA,NA,NA,NA,NA,NA,NA
"138943","Phaethornis","superciliosus","superciliosus","Long-tailed Hermit","Thiago Orsi Laranjeiras","Brazil","Estrada do Neri, Parque Nacional do Viruá, Caracaraí, Roraima","1.4546","-60.9823","call","//www.xeno-canto.org/138943/download","//creativecommons.org/licenses/by-nc-sa/3.0/","//www.xeno-canto.org/138943","C","08:00","2011-01-26","70","//www.xeno-canto.org/sounds/uploaded/PMYLTPLTLT/ffts/XC138943-small.png","//www.xeno-canto.org/sounds/uploaded/PMYLTPLTLT/ffts/XC138943-med.png","//www.xeno-canto.org/sounds/uploaded/PMYLTPLTLT/ffts/XC138943-large.png","//www.xeno-canto.org/sounds/uploaded/PMYLTPLTLT/ffts/XC138943-full.png","0:24","2013-06-19","","lek","no","no",NA,NA,NA,NA,NA,NA,NA,NA
"126256","Phaethornis","superciliosus","superciliosus","Long-tailed Hermit","Christian B. Andretti","Brazil","Almeirim/Pará","-1.095","-52.653","call","//www.xeno-canto.org/126256/download","//creativecommons.org/licenses/by-nc-sa/3.0/","//www.xeno-canto.org/126256","C","17:00","2011-07-23","80","//www.xeno-canto.org/sounds/uploaded/EZSMXGTXKS/ffts/XC126256-small.png","//www.xeno-canto.org/sounds/uploaded/EZSMXGTXKS/ffts/XC126256-med.png","//www.xeno-canto.org/sounds/uploaded/EZSMXGTXKS/ffts/XC126256-large.png","//www.xeno-canto.org/sounds/uploaded/EZSMXGTXKS/ffts/XC126256-full.png","0:02","2013-03-21","","Bituba - Selective Logging","unknown","unknown",NA,NA,NA,NA,NA,NA,NA,NA
"108019","Phaethornis","superciliosus","","Long-tailed Hermit","Albert Lastukhin   ","Venezuela","Puerto Ajacucho","5.6709","-67.5551","call (tok-tok-tok), flight call","//www.xeno-canto.org/108019/download","//creativecommons.org/licenses/by-nc-nd/2.5/","//www.xeno-canto.org/108019","C","8-35","2011-03-24","250","//www.xeno-canto.org/sounds/uploaded/LELYWQKUZX/ffts/XC108019-small.png","//www.xeno-canto.org/sounds/uploaded/LELYWQKUZX/ffts/XC108019-med.png","//www.xeno-canto.org/sounds/uploaded/LELYWQKUZX/ffts/XC108019-large.png","//www.xeno-canto.org/sounds/uploaded/LELYWQKUZX/ffts/XC108019-full.png","0:04","2012-08-21","","","unknown","no",NA,NA,NA,NA,NA,NA,NA,NA
"108015","Phaethornis","superciliosus","","Long-tailed Hermit","Albert Lastukhin   ","Venezuela","Puerto Ajacucho","5.6709","-67.5551","humming and cheep","//www.xeno-canto.org/108015/download","//creativecommons.org/licenses/by-nc-nd/2.5/","//www.xeno-canto.org/108015","C","8-35","2011-03-24","250","//www.xeno-canto.org/sounds/uploaded/LELYWQKUZX/ffts/XC108015-small.png","//www.xeno-canto.org/sounds/uploaded/LELYWQKUZX/ffts/XC108015-med.png","//www.xeno-canto.org/sounds/uploaded/LELYWQKUZX/ffts/XC108015-large.png","//www.xeno-canto.org/sounds/uploaded/LELYWQKUZX/ffts/XC108015-full.png","0:07","2012-08-21","","bird flew directly to me","unknown","no",NA,NA,NA,NA,NA,NA,NA,NA
"12009","Phaethornis","superciliosus","","Long-tailed Hermit","Frank Lambert","Guyana","Near Iwokrama",NA,NA,"song","//www.xeno-canto.org/12009/download","//creativecommons.org/licenses/by-nc-nd/4.0/","//www.xeno-canto.org/12009","C","?","2006-11-23","20?","//www.xeno-canto.org/sounds/uploaded/YTUXOCTUEM/ffts/XC12009-small.png","//www.xeno-canto.org/sounds/uploaded/YTUXOCTUEM/ffts/XC12009-med.png","//www.xeno-canto.org/sounds/uploaded/YTUXOCTUEM/ffts/XC12009-large.png","//www.xeno-canto.org/sounds/uploaded/YTUXOCTUEM/ffts/XC12009-full.png","0:48","2008-11-20","","lek","unknown","unknown",NA,NA,NA,NA,NA,NA,NA,NA
"8624","Phaethornis","superciliosus","superciliosus","Long-tailed Hermit","Nick Athanas","Guyana","Iwokrama Forest","4.2448","-58.9056","flight call","//www.xeno-canto.org/8624/download","//creativecommons.org/licenses/by-nc-sa/3.0/","//www.xeno-canto.org/8624","C","15:39","2006-11-23","50","//www.xeno-canto.org/sounds/uploaded/XRABICUARW/ffts/XC8624-small.png","//www.xeno-canto.org/sounds/uploaded/XRABICUARW/ffts/XC8624-med.png","//www.xeno-canto.org/sounds/uploaded/XRABICUARW/ffts/XC8624-large.png","//www.xeno-canto.org/sounds/uploaded/XRABICUARW/ffts/XC8624-full.png","0:06","2008-11-20","","","unknown","unknown",NA,NA,NA,NA,NA,NA,NA,NA
"310328","Phaethornis","superciliosus","muelleri","Long-tailed Hermit","Sidnei Dantas","Brazil","Portel, Portel, Pará","-2.0054","-50.7753","call","//www.xeno-canto.org/310328/download","//creativecommons.org/licenses/by-nc-sa/4.0/","//www.xeno-canto.org/310328","D","08:00","2015-12-02","10","//www.xeno-canto.org/sounds/uploaded/NNCKQMBGPH/ffts/XC310328-small.png","//www.xeno-canto.org/sounds/uploaded/NNCKQMBGPH/ffts/XC310328-med.png","//www.xeno-canto.org/sounds/uploaded/NNCKQMBGPH/ffts/XC310328-large.png","//www.xeno-canto.org/sounds/uploaded/NNCKQMBGPH/ffts/XC310328-full.png","0:25","2016-04-04",NA,"border of terra firme forest.","no","no","Tyranneutes stolzmanni","Pionus fuscus",NA,NA,NA,NA,NA,NA
"20645","Phaethornis","superciliosus","","Long-tailed Hermit","Sidnei Dantas","Brazil","Tucuruí dam, right bank of the lake","-4.2326","-49.4117","lek song","//www.xeno-canto.org/20645/download","//creativecommons.org/licenses/by-nc-nd/2.5/","//www.xeno-canto.org/20645","D","08:00","2006-11-25","70","//www.xeno-canto.org/sounds/uploaded/NNCKQMBGPH/ffts/XC20645-small.png","//www.xeno-canto.org/sounds/uploaded/NNCKQMBGPH/ffts/XC20645-med.png","//www.xeno-canto.org/sounds/uploaded/NNCKQMBGPH/ffts/XC20645-large.png","//www.xeno-canto.org/sounds/uploaded/NNCKQMBGPH/ffts/XC20645-full.png","0:32","2008-11-20",NA,"land forest","unknown","unknown","Cercomacra cinerascens","Xiphorhynchus guttatus","Myiarchus ferox","Lophotriccus galeatus","Tolmomyias sulphurescens",NA,NA,NA
"476024","Phaethornis","malaris","","Great-billed Hermit","Jerome Fischer","Ecuador","Parque Nacional Yasuní, Orellana","-0.4714","-76.4603","flight call, song","//www.xeno-canto.org/476024/download","//creativecommons.org/licenses/by-nc-sa/4.0/","//www.xeno-canto.org/476024","A","07:30","2019-05-21","240","//www.xeno-canto.org/sounds/uploaded/JPBSNBUUEF/ffts/XC476024-small.png","//www.xeno-canto.org/sounds/uploaded/JPBSNBUUEF/ffts/XC476024-med.png","//www.xeno-canto.org/sounds/uploaded/JPBSNBUUEF/ffts/XC476024-large.png","//www.xeno-canto.org/sounds/uploaded/JPBSNBUUEF/ffts/XC476024-full.png","0:19","2019-05-22","","lekking","yes","no",NA,NA,NA,NA,NA,NA,NA,NA
"427762","Phaethornis","malaris","ochraceiventris","Great-billed Hermit","Caio Brito","Brazil","Mutum - Transecto 07 - ME, Porto Velho-RO, Rondônia","-9.574525","-65.073173","canto de lek","//www.xeno-canto.org/427762/download","//creativecommons.org/licenses/by-nc-sa/4.0/","//www.xeno-canto.org/427762","A","10:30","2015-10-31","240","//www.xeno-canto.org/sounds/uploaded/YWWWUBVAJF/ffts/XC427762-small.png","//www.xeno-canto.org/sounds/uploaded/YWWWUBVAJF/ffts/XC427762-med.png","//www.xeno-canto.org/sounds/uploaded/YWWWUBVAJF/ffts/XC427762-large.png","//www.xeno-canto.org/sounds/uploaded/YWWWUBVAJF/ffts/XC427762-full.png","0:11","2018-07-23","","habitat:Amazônia - Terra Firme;
recorder:Sony PCM-M10;
microphone:Sennheiser ME-066;
volume setting:9.;
weather:Ensolarado;","unknown","unknown",NA,NA,NA,NA,NA,NA,NA,NA
"260455","Phaethornis","malaris","moorei","Great-billed Hermit","Mitch Lysinger","Ecuador","Sucumbíos: 'Sacha Lodge', n bank Río Napo","-0.472","-76.459","song at lek","//www.xeno-canto.org/260455/download","//creativecommons.org/licenses/by-nc-sa/4.0/","//www.xeno-canto.org/260455","A","?","2007-09-00","220","//www.xeno-canto.org/sounds/uploaded/OWZTPLFLJS/ffts/XC260455-small.png","//www.xeno-canto.org/sounds/uploaded/OWZTPLFLJS/ffts/XC260455-med.png","//www.xeno-canto.org/sounds/uploaded/OWZTPLFLJS/ffts/XC260455-large.png","//www.xeno-canto.org/sounds/uploaded/OWZTPLFLJS/ffts/XC260455-full.png","0:32","2015-07-18",NA,"<a href=http://johnvmoorenaturerecordings.com/pubs/ECUAD/main.htm>Moore et al. 2013: Bird Sounds of Ecuador DVD </a>","unknown","no","Ramphastos tucanus","Psarocolius angustifrons","Capito auratus",NA,NA,NA,NA,NA
"257793","Phaethornis","malaris","moorei","Great-billed Hermit","John V. Moore","Ecuador","Orellana: Right (s) bank Río Napo opposite 'La Selva Lodge' and 'Sacha Lodge'","-0.507","-76.457","songs at lek","//www.xeno-canto.org/257793/download","//creativecommons.org/licenses/by-nc-sa/4.0/","//www.xeno-canto.org/257793","A","?","1994-11-00","235","//www.xeno-canto.org/sounds/uploaded/YKKDTZHLUU/ffts/XC257793-small.png","//www.xeno-canto.org/sounds/uploaded/YKKDTZHLUU/ffts/XC257793-med.png","//www.xeno-canto.org/sounds/uploaded/YKKDTZHLUU/ffts/XC257793-large.png","//www.xeno-canto.org/sounds/uploaded/YKKDTZHLUU/ffts/XC257793-full.png","0:37","2015-07-16","","<a href=http://johnvmoorenaturerecordings.com/pubs/ECUAD/main.htm>Moore et al. 2013: Bird Sounds of Ecuador DVD </a>","unknown","no",NA,NA,NA,NA,NA,NA,NA,NA
"257792","Phaethornis","malaris","moorei","Great-billed Hermit","John V. Moore","Ecuador","Pastaza: Kapawi area, left bank Río Pastaza","-2.54","-76.859","songs at lek","//www.xeno-canto.org/257792/download","//creativecommons.org/licenses/by-nc-sa/4.0/","//www.xeno-canto.org/257792","A","?","1996-10-00","250","//www.xeno-canto.org/sounds/uploaded/YKKDTZHLUU/ffts/XC257792-small.png","//www.xeno-canto.org/sounds/uploaded/YKKDTZHLUU/ffts/XC257792-med.png","//www.xeno-canto.org/sounds/uploaded/YKKDTZHLUU/ffts/XC257792-large.png","//www.xeno-canto.org/sounds/uploaded/YKKDTZHLUU/ffts/XC257792-full.png","0:21","2015-07-16","","<a href=http://johnvmoorenaturerecordings.com/pubs/ECUAD/main.htm>Moore et al. 2013: Bird Sounds of Ecuador DVD </a>","unknown","no",NA,NA,NA,NA,NA,NA,NA,NA
"148316","Phaethornis","malaris","","Great-billed Hermit","Gary Stiles (Colección de Sonidos Ambientales - Instituto Humboldt)","Colombia","Huila, San Agustin","1.8888","-76.2888","song","//www.xeno-canto.org/148316/download","//creativecommons.org/licenses/by-nc-sa/3.0/","//www.xeno-canto.org/148316","A","?","1990-12-18","?","//www.xeno-canto.org/sounds/uploaded/XMFDPACYJN/ffts/XC148316-small.png","//www.xeno-canto.org/sounds/uploaded/XMFDPACYJN/ffts/XC148316-med.png","//www.xeno-canto.org/sounds/uploaded/XMFDPACYJN/ffts/XC148316-large.png","//www.xeno-canto.org/sounds/uploaded/XMFDPACYJN/ffts/XC148316-full.png","0:49","2013-09-22","","IAvH-CSA 11395

To obtain a wav file of the original recording, please contact csa@humboldt.org.co","no","no",NA,NA,NA,NA,NA,NA,NA,NA
"119447","Phaethornis","malaris","","Great-billed Hermit","GABRIEL LEITE","Brazil","Itaituba, Para","-4.6038","-56.3928","song","//www.xeno-canto.org/119447/download","//creativecommons.org/licenses/by-nc-sa/3.0/","//www.xeno-canto.org/119447","A","07:00","2012-07-24","80","//www.xeno-canto.org/sounds/uploaded/TGBFXDVERJ/ffts/XC119447-small.png","//www.xeno-canto.org/sounds/uploaded/TGBFXDVERJ/ffts/XC119447-med.png","//www.xeno-canto.org/sounds/uploaded/TGBFXDVERJ/ffts/XC119447-large.png","//www.xeno-canto.org/sounds/uploaded/TGBFXDVERJ/ffts/XC119447-full.png","0:31","2013-01-23","","","yes","no",NA,NA,NA,NA,NA,NA,NA,NA
"61375","Phaethornis","malaris","moorei","Great-billed Hermit","Andrew Spencer","Ecuador","Yasuní Research Station, Parque Nacional Yasuní, Orellana","-0.6742","-76.3978","song","//www.xeno-canto.org/61375/download","//creativecommons.org/licenses/by-nc-nd/2.5/","//www.xeno-canto.org/61375","A","11:40","2010-08-22","250","//www.xeno-canto.org/sounds/uploaded/CDTGHVBGZP/ffts/XC61375-small.png","//www.xeno-canto.org/sounds/uploaded/CDTGHVBGZP/ffts/XC61375-med.png","//www.xeno-canto.org/sounds/uploaded/CDTGHVBGZP/ffts/XC61375-large.png","//www.xeno-canto.org/sounds/uploaded/CDTGHVBGZP/ffts/XC61375-full.png","0:53","2010-08-28","","song at a lek","unknown","unknown",NA,NA,NA,NA,NA,NA,NA,NA
"42701","Phaethornis","malaris","malaris","Great-billed Hermit","Olivier Claessens","French Guiana","Angoulème, Mana","5.4092","-53.6773","song","//www.xeno-canto.org/42701/download","//creativecommons.org/licenses/by-nc-nd/2.5/","//www.xeno-canto.org/42701","A","13:45","2008-11-19","20","//www.xeno-canto.org/sounds/uploaded/KRQYNRSSDF/ffts/XC42701-small.png","//www.xeno-canto.org/sounds/uploaded/KRQYNRSSDF/ffts/XC42701-med.png","//www.xeno-canto.org/sounds/uploaded/KRQYNRSSDF/ffts/XC42701-large.png","//www.xeno-canto.org/sounds/uploaded/KRQYNRSSDF/ffts/XC42701-full.png","0:11","2010-01-15","","","unknown","unknown",NA,NA,NA,NA,NA,NA,NA,NA
"494707","Phaethornis","malaris","","Great-billed Hermit","Dante Buzzetti","Brazil","Fazenda Pedra Branca,Estação Ecológica de Murici,Murici,Alagoas","-9.1992","-35.8871","call","//www.xeno-canto.org/494707/download","//creativecommons.org/licenses/by-nc-sa/4.0/","//www.xeno-canto.org/494707","B","5:47","2018-02-27","420","//www.xeno-canto.org/sounds/uploaded/YOXWKYFZAP/ffts/XC494707-small.png","//www.xeno-canto.org/sounds/uploaded/YOXWKYFZAP/ffts/XC494707-med.png","//www.xeno-canto.org/sounds/uploaded/YOXWKYFZAP/ffts/XC494707-large.png","//www.xeno-canto.org/sounds/uploaded/YOXWKYFZAP/ffts/XC494707-full.png","0:05","2019-08-28","","DCB 744-8d","no","no",NA,NA,NA,NA,NA,NA,NA,NA
"486821","Phaethornis","malaris","","Great-billed Hermit","Dante Buzzetti","Brazil","Rio Tapajós,Apuí,Amazonas","-6.97","-58.39","calls in flight","//www.xeno-canto.org/486821/download","//creativecommons.org/licenses/by-nc-sa/4.0/","//www.xeno-canto.org/486821","B","7:32","2008-03-12","107","//www.xeno-canto.org/sounds/uploaded/YOXWKYFZAP/ffts/XC486821-small.png","//www.xeno-canto.org/sounds/uploaded/YOXWKYFZAP/ffts/XC486821-med.png","//www.xeno-canto.org/sounds/uploaded/YOXWKYFZAP/ffts/XC486821-large.png","//www.xeno-canto.org/sounds/uploaded/YOXWKYFZAP/ffts/XC486821-full.png","0:09","2019-07-12","","DCB 616-7f","yes","no",NA,NA,NA,NA,NA,NA,NA,NA
"485456","Phaethornis","malaris","moorei","Great-billed Hermit","Charlie Vogt","Ecuador","Quebrada North of El Progreso, Chinchipe, Provincia de Zamora Chinchipe","-4.7854","-79.1162","song","//www.xeno-canto.org/485456/download","//creativecommons.org/licenses/by-nc-sa/4.0/","//www.xeno-canto.org/485456","B","09:00","2019-07-05","1200","//www.xeno-canto.org/sounds/uploaded/NYTXYAQSTH/ffts/XC485456-small.png","//www.xeno-canto.org/sounds/uploaded/NYTXYAQSTH/ffts/XC485456-med.png","//www.xeno-canto.org/sounds/uploaded/NYTXYAQSTH/ffts/XC485456-large.png","//www.xeno-canto.org/sounds/uploaded/NYTXYAQSTH/ffts/XC485456-full.png","0:30","2019-07-08","Cyclarhis gujanensis","","no","yes",NA,NA,NA,NA,NA,NA,NA,NA
"474628","Phaethornis","malaris","ochraceiventris","Great-billed Hermit","GABRIEL LEITE","Brazil","Mâncio Lima, State of Acre","-7.4489","-73.6708","call","//www.xeno-canto.org/474628/download","//creativecommons.org/licenses/by-nc-sa/4.0/","//www.xeno-canto.org/474628","B","07:00","2019-05-13","360","//www.xeno-canto.org/sounds/uploaded/TGBFXDVERJ/ffts/XC474628-small.png","//www.xeno-canto.org/sounds/uploaded/TGBFXDVERJ/ffts/XC474628-med.png","//www.xeno-canto.org/sounds/uploaded/TGBFXDVERJ/ffts/XC474628-large.png","//www.xeno-canto.org/sounds/uploaded/TGBFXDVERJ/ffts/XC474628-full.png","0:24","2019-05-16","","","yes","no",NA,NA,NA,NA,NA,NA,NA,NA
"461742","Phaethornis","malaris","moorei","Great-billed Hermit","Sue Riffe","Ecuador","Parrot clay licks, Parque Nacional Yasuni, Orellana","-0.5261","-76.3782","call","//www.xeno-canto.org/461742/download","//creativecommons.org/licenses/by-nc-sa/4.0/","//www.xeno-canto.org/461742","B","12:52","2019-01-24","260","//www.xeno-canto.org/sounds/uploaded/PVQOLRXXWL/ffts/XC461742-small.png","//www.xeno-canto.org/sounds/uploaded/PVQOLRXXWL/ffts/XC461742-med.png","//www.xeno-canto.org/sounds/uploaded/PVQOLRXXWL/ffts/XC461742-large.png","//www.xeno-canto.org/sounds/uploaded/PVQOLRXXWL/ffts/XC461742-full.png","0:11","2019-03-14","","","yes","no",NA,NA,NA,NA,NA,NA,NA,NA
"437700","Phaethornis","malaris","bolivianus","Great-billed Hermit","Dan Lane","Bolivia","Refugio Los Volcanes","-18.1053","-63.5978","song","//www.xeno-canto.org/437700/download","//creativecommons.org/licenses/by-nc-sa/4.0/","//www.xeno-canto.org/437700","B","09:00","2018-09-11","1100","//www.xeno-canto.org/sounds/uploaded/WOEAFQRMUD/ffts/XC437700-small.png","//www.xeno-canto.org/sounds/uploaded/WOEAFQRMUD/ffts/XC437700-med.png","//www.xeno-canto.org/sounds/uploaded/WOEAFQRMUD/ffts/XC437700-large.png","//www.xeno-canto.org/sounds/uploaded/WOEAFQRMUD/ffts/XC437700-full.png","1:24","2018-10-08",NA,"Natural song from several individuals at a lek in understory (<2m up) of semi-humid montane forest with little canopy (~6m) on slope. Responded well to playback from Puno, Peru, suggesting these are the same taxon.","yes","no","Psittacara mitratus","Patagioenas plumbea","Psarocolius decumanus",NA,NA,NA,NA,NA
"403320","Phaethornis","malaris","","Great-billed Hermit","Brice de la Croix","French Guiana","Roura, sentier du Molokoï","4.7216","-52.3073","song","//www.xeno-canto.org/403320/download","//creativecommons.org/licenses/by-nc-sa/4.0/","//www.xeno-canto.org/403320","B","11:00","2017-05-07","110","//www.xeno-canto.org/sounds/uploaded/LNPOUHUARA/ffts/XC403320-small.png","//www.xeno-canto.org/sounds/uploaded/LNPOUHUARA/ffts/XC403320-med.png","//www.xeno-canto.org/sounds/uploaded/LNPOUHUARA/ffts/XC403320-large.png","//www.xeno-canto.org/sounds/uploaded/LNPOUHUARA/ffts/XC403320-full.png","0:13","2018-02-23","","","no","no",NA,NA,NA,NA,NA,NA,NA,NA
"348793","Phaethornis","malaris","bolivianus","Great-billed Hermit","Dan Lane","Bolivia","Refugio Los Volcanes","-18.1053","-63.5978","call","//www.xeno-canto.org/348793/download","//creativecommons.org/licenses/by-nc-sa/4.0/","//www.xeno-canto.org/348793","B","09:30","2016-09-06","1100","//www.xeno-canto.org/sounds/uploaded/WOEAFQRMUD/ffts/XC348793-small.png","//www.xeno-canto.org/sounds/uploaded/WOEAFQRMUD/ffts/XC348793-med.png","//www.xeno-canto.org/sounds/uploaded/WOEAFQRMUD/ffts/XC348793-large.png","//www.xeno-canto.org/sounds/uploaded/WOEAFQRMUD/ffts/XC348793-full.png","0:07","2017-01-02","","Natural calls from an unseen bird as it flew through understory of semi-deciduous foothill forest.","no","no",NA,NA,NA,NA,NA,NA,NA,NA
"293775","Phaethornis","malaris","","Great-billed Hermit","Guido O. Keijl","Ecuador","Orellana","-1.1034","-76.7175","song","//www.xeno-canto.org/293775/download","//creativecommons.org/licenses/by-nc-sa/4.0/","//www.xeno-canto.org/293775","B","10:00","2012-12-21","240","//www.xeno-canto.org/sounds/uploaded/HTEZKMGDVJ/ffts/XC293775-small.png","//www.xeno-canto.org/sounds/uploaded/HTEZKMGDVJ/ffts/XC293775-med.png","//www.xeno-canto.org/sounds/uploaded/HTEZKMGDVJ/ffts/XC293775-large.png","//www.xeno-canto.org/sounds/uploaded/HTEZKMGDVJ/ffts/XC293775-full.png","0:31","2015-12-05","","Male at lek.","yes","no",NA,NA,NA,NA,NA,NA,NA,NA
"276358","Phaethornis","malaris","moorei","Great-billed Hermit","Jonas Nilsson","Ecuador","Napo: Campococha area","-1.117","-77.55","song at lek","//www.xeno-canto.org/276358/download","//creativecommons.org/licenses/by-nc-sa/4.0/","//www.xeno-canto.org/276358","B","09:45","1995-09-29","640","//www.xeno-canto.org/sounds/uploaded/GTTLRDCZWR/ffts/XC276358-small.png","//www.xeno-canto.org/sounds/uploaded/GTTLRDCZWR/ffts/XC276358-med.png","//www.xeno-canto.org/sounds/uploaded/GTTLRDCZWR/ffts/XC276358-large.png","//www.xeno-canto.org/sounds/uploaded/GTTLRDCZWR/ffts/XC276358-full.png","0:23","2015-08-28","","Humid forest. Reference: JN1. Krabbe & Nilsson (2003) (ISBN 90-75838-06-9).","yes","no",NA,NA,NA,NA,NA,NA,NA,NA
"238808","Phaethornis","malaris","moorei","Great-billed Hermit","Niels Krabbe","Ecuador","Morona-Santiago: e-slope Cord. de Cutucú: Unnsuants","-2.55","-77.9","song at lek","//www.xeno-canto.org/238808/download","//creativecommons.org/licenses/by-nc-sa/3.0/","//www.xeno-canto.org/238808","B","8:20","2002-01-30","850","//www.xeno-canto.org/sounds/uploaded/XTVEPHMPPJ/ffts/XC238808-small.png","//www.xeno-canto.org/sounds/uploaded/XTVEPHMPPJ/ffts/XC238808-med.png","//www.xeno-canto.org/sounds/uploaded/XTVEPHMPPJ/ffts/XC238808-large.png","//www.xeno-canto.org/sounds/uploaded/XTVEPHMPPJ/ffts/XC238808-full.png","0:28","2015-05-01","","Humid forest. Reference: B: 648-658 (Phaguyx1). Krabbe & Nilsson (2003) (ISBN 90-75838-06-9).","no","no",NA,NA,NA,NA,NA,NA,NA,NA
"238807","Phaethornis","malaris","moorei","Great-billed Hermit","Niels Krabbe","Ecuador","Orellana: s-bank Río Napo: between Añangu and Laguna Añangu","-0.526","-76.418","song","//www.xeno-canto.org/238807/download","//creativecommons.org/licenses/by-nc-sa/3.0/","//www.xeno-canto.org/238807","B","10:05","1992-09-10","240","//www.xeno-canto.org/sounds/uploaded/XTVEPHMPPJ/ffts/XC238807-small.png","//www.xeno-canto.org/sounds/uploaded/XTVEPHMPPJ/ffts/XC238807-med.png","//www.xeno-canto.org/sounds/uploaded/XTVEPHMPPJ/ffts/XC238807-large.png","//www.xeno-canto.org/sounds/uploaded/XTVEPHMPPJ/ffts/XC238807-full.png","0:10","2015-05-01","","Lowland terra firme rainforest. Reference: LVIB 103-105 (Phamal4). Krabbe & Nilsson (2003) (ISBN 90-75838-06-9).","yes","no",NA,NA,NA,NA,NA,NA,NA,NA
"238806","Phaethornis","malaris","moorei","Great-billed Hermit","Niels Krabbe","Ecuador","Orellana: 'Maxus' road km 37 (27 km SSE Pompeya)","-0.641","-76.461","songs at lek","//www.xeno-canto.org/238806/download","//creativecommons.org/licenses/by-nc-sa/3.0/","//www.xeno-canto.org/238806","B","7:00","1994-07-04","250","//www.xeno-canto.org/sounds/uploaded/XTVEPHMPPJ/ffts/XC238806-small.png","//www.xeno-canto.org/sounds/uploaded/XTVEPHMPPJ/ffts/XC238806-med.png","//www.xeno-canto.org/sounds/uploaded/XTVEPHMPPJ/ffts/XC238806-large.png","//www.xeno-canto.org/sounds/uploaded/XTVEPHMPPJ/ffts/XC238806-full.png","0:07","2015-05-01","","Tall, humid primary hill forest admixed with smaller patches of ""várzea"" in valleys. Reference: LXXXIB 458-461 (Phamal2). Krabbe & Nilsson (2003) (ISBN 90-75838-06-9).","yes","no",NA,NA,NA,NA,NA,NA,NA,NA
"213908","Phaethornis","malaris","malaris","Great-billed Hermit","Patrick Ingremeau","French Guiana","Sinnamary, route de St Elie","5.327","-53.103","call","//www.xeno-canto.org/213908/download","//creativecommons.org/licenses/by-nc-nd/4.0/","//www.xeno-canto.org/213908","B","17:55","2012-07-05","60","//www.xeno-canto.org/sounds/uploaded/IIVTYSKEYX/ffts/XC213908-small.png","//www.xeno-canto.org/sounds/uploaded/IIVTYSKEYX/ffts/XC213908-med.png","//www.xeno-canto.org/sounds/uploaded/IIVTYSKEYX/ffts/XC213908-large.png","//www.xeno-canto.org/sounds/uploaded/IIVTYSKEYX/ffts/XC213908-full.png","0:47","2015-02-18","","","yes","no",NA,NA,NA,NA,NA,NA,NA,NA
"180680","Phaethornis","malaris","ochraceiventris","Great-billed Hermit","Mike Nelson","Peru","Lago Lindo, San Martin","-6.7394","-76.2311","call","//www.xeno-canto.org/180680/download","//creativecommons.org/licenses/by-nc-sa/4.0/","//www.xeno-canto.org/180680","B","08:30","2014-05-21","650","//www.xeno-canto.org/sounds/uploaded/PWDLINYMKL/ffts/XC180680-small.png","//www.xeno-canto.org/sounds/uploaded/PWDLINYMKL/ffts/XC180680-med.png","//www.xeno-canto.org/sounds/uploaded/PWDLINYMKL/ffts/XC180680-large.png","//www.xeno-canto.org/sounds/uploaded/PWDLINYMKL/ffts/XC180680-full.png","0:07","2014-06-02","","Typical Hermit behavior, flew up to me on the trail to have a look while I was recording something else, called a few times and shot off into the forest.","yes","no",NA,NA,NA,NA,NA,NA,NA,NA
"95622","Phaethornis","malaris","","Great-billed Hermit","Daniel Lane","Ecuador","Sacha Lodge, Sucumbios","-0.4714","-76.4603","call","//www.xeno-canto.org/95622/download","//creativecommons.org/licenses/by-nc-nd/2.5/","//www.xeno-canto.org/95622","B","06:55","2010-01-22","250","//www.xeno-canto.org/sounds/uploaded/WOEAFQRMUD/ffts/XC95622-small.png","//www.xeno-canto.org/sounds/uploaded/WOEAFQRMUD/ffts/XC95622-med.png","//www.xeno-canto.org/sounds/uploaded/WOEAFQRMUD/ffts/XC95622-large.png","//www.xeno-canto.org/sounds/uploaded/WOEAFQRMUD/ffts/XC95622-full.png","0:41","2012-02-26","Psarocolius angustifrons","Natural flight calls from a bird seen naked eye (ID confirmed later with better look of what was presumably the same individual) at planted red flowers on lodge grounds. Probably the same bird as in XC95612.","unknown","unknown",NA,NA,NA,NA,NA,NA,NA,NA
"95612","Phaethornis","malaris","","Great-billed Hermit","Daniel Lane","Ecuador","Sacha Lodge, Sucumbios","-0.4714","-76.4603","call","//www.xeno-canto.org/95612/download","//creativecommons.org/licenses/by-nc-nd/2.5/","//www.xeno-canto.org/95612","B","12:30","2010-01-21","250","//www.xeno-canto.org/sounds/uploaded/WOEAFQRMUD/ffts/XC95612-small.png","//www.xeno-canto.org/sounds/uploaded/WOEAFQRMUD/ffts/XC95612-med.png","//www.xeno-canto.org/sounds/uploaded/WOEAFQRMUD/ffts/XC95612-large.png","//www.xeno-canto.org/sounds/uploaded/WOEAFQRMUD/ffts/XC95612-full.png","0:03","2012-02-26","","Natural flight calls from a bird seen naked eye (ID confirmed later with better look of what was presumably the same individual) at planted red flowers on lodge grounds.","unknown","unknown",NA,NA,NA,NA,NA,NA,NA,NA
"86622","Phaethornis","malaris","","Great-billed Hermit","Daniel Lane","Ecuador","Yasuni NP at Parakeet Lick, Orellana","-0.532","-76.353","lek song","//www.xeno-canto.org/86622/download","//creativecommons.org/licenses/by-nc-nd/2.5/","//www.xeno-canto.org/86622","B","09:00","2006-08-06","250","//www.xeno-canto.org/sounds/uploaded/WOEAFQRMUD/ffts/XC86622-small.png","//www.xeno-canto.org/sounds/uploaded/WOEAFQRMUD/ffts/XC86622-med.png","//www.xeno-canto.org/sounds/uploaded/WOEAFQRMUD/ffts/XC86622-large.png","//www.xeno-canto.org/sounds/uploaded/WOEAFQRMUD/ffts/XC86622-full.png","0:54","2011-08-24","Brotogeris cyanoptera","Natural songs from one of several singing at exploded lek, mostly sitting sbout 1-2m up in undertory of low terra firme forest.","unknown","unknown",NA,NA,NA,NA,NA,NA,NA,NA
"74018","Phaethornis","malaris","","Great-billed Hermit","Joseph Tobias and Nathalie Seddon","Bolivia","Puesto Militar de Abuna, Pando, BO","-9.790833333","-65.53333333","song","//www.xeno-canto.org/74018/download","//creativecommons.org/licenses/by-nc-sa/3.0/","//www.xeno-canto.org/74018","B","12:36","2005-11-07","150","//www.xeno-canto.org/sounds/uploaded/IKMWQIXRNV/ffts/XC74018-small.png","//www.xeno-canto.org/sounds/uploaded/IKMWQIXRNV/ffts/XC74018-med.png","//www.xeno-canto.org/sounds/uploaded/IKMWQIXRNV/ffts/XC74018-large.png","//www.xeno-canto.org/sounds/uploaded/IKMWQIXRNV/ffts/XC74018-full.png","0:36","2011-03-23","","track T341. Habitat: Lightly logged, medium stature forest. Weather: Overcast. Perch height: 8m. Distance to observer: 1.5m. Id-ed by: Voice; not seen. Sex of main vocalizer: M. Number vocalizing: 1.","unknown","unknown",NA,NA,NA,NA,NA,NA,NA,NA
"59221","Phaethornis","malaris","","Great-billed Hermit","Renaudier Alexandre","French Guiana","Roura, Cacao","4.548","-52.473","song at lek","//www.xeno-canto.org/59221/download","//creativecommons.org/licenses/by-nc-nd/2.5/","//www.xeno-canto.org/59221","B","06:30","2010-07-07","30","//www.xeno-canto.org/sounds/uploaded/GKADEITXTH/ffts/XC59221-small.png","//www.xeno-canto.org/sounds/uploaded/GKADEITXTH/ffts/XC59221-med.png","//www.xeno-canto.org/sounds/uploaded/GKADEITXTH/ffts/XC59221-large.png","//www.xeno-canto.org/sounds/uploaded/GKADEITXTH/ffts/XC59221-full.png","0:42","2010-08-05",NA,"","unknown","unknown","Trogon viridis","Trogon violaceus","Percnostola rufifrons","Caryothraustes canadensis","Tolmomyias assimilis","Ramphastos tucanus",NA,NA
"34377","Phaethornis","malaris","ochraceiventris","Great-billed Hermit","David Geale","Peru","Madre Selva, Loreto","-3.6228","-72.2492","Song","//www.xeno-canto.org/34377/download","//creativecommons.org/licenses/by-nc-nd/2.5/","//www.xeno-canto.org/34377","B","15:20","2009-05-01","100","//www.xeno-canto.org/sounds/uploaded/SBFBVYGIJC/ffts/XC34377-small.png","//www.xeno-canto.org/sounds/uploaded/SBFBVYGIJC/ffts/XC34377-med.png","//www.xeno-canto.org/sounds/uploaded/SBFBVYGIJC/ffts/XC34377-large.png","//www.xeno-canto.org/sounds/uploaded/SBFBVYGIJC/ffts/XC34377-full.png","0:59","2009-05-21","Phaethornis malaris","At lek","unknown","unknown",NA,NA,NA,NA,NA,NA,NA,NA
"12072","Phaethornis","malaris","","Great-billed Hermit","Frank Lambert","Peru","Explornapo Lodge, Napo River, Loreto","-3.2334","-72.9167","song","//www.xeno-canto.org/12072/download","//creativecommons.org/licenses/by-nc-nd/4.0/","//www.xeno-canto.org/12072","B","?","2006-02-19","?","//www.xeno-canto.org/sounds/uploaded/YTUXOCTUEM/ffts/XC12072-small.png","//www.xeno-canto.org/sounds/uploaded/YTUXOCTUEM/ffts/XC12072-med.png","//www.xeno-canto.org/sounds/uploaded/YTUXOCTUEM/ffts/XC12072-large.png","//www.xeno-canto.org/sounds/uploaded/YTUXOCTUEM/ffts/XC12072-full.png","0:57","2008-11-20","","","unknown","unknown",NA,NA,NA,NA,NA,NA,NA,NA
"449477","Phaethornis","malaris","","Great-billed Hermit","Brice de la Croix","French Guiana","Kourou, piste de la Montagne Plomb","5.1567","-52.6698","song","//www.xeno-canto.org/449477/download","//creativecommons.org/licenses/by-nc-sa/4.0/","//www.xeno-canto.org/449477","C","09:30","2018-10-14","10","//www.xeno-canto.org/sounds/uploaded/LNPOUHUARA/ffts/XC449477-small.png","//www.xeno-canto.org/sounds/uploaded/LNPOUHUARA/ffts/XC449477-med.png","//www.xeno-canto.org/sounds/uploaded/LNPOUHUARA/ffts/XC449477-large.png","//www.xeno-canto.org/sounds/uploaded/LNPOUHUARA/ffts/XC449477-full.png","0:28","2019-01-07","","","no","no",NA,NA,NA,NA,NA,NA,NA,NA
"56752","Phaethornis","malaris","moorei","Great-billed Hermit","David Geale","Peru","ACTS, Loreto","-3.2492","-72.9092","call, song","//www.xeno-canto.org/56752/download","//creativecommons.org/licenses/by-nc-nd/2.5/","//www.xeno-canto.org/56752","C","6:45","2010-06-13","120","//www.xeno-canto.org/sounds/uploaded/SBFBVYGIJC/ffts/XC56752-small.png","//www.xeno-canto.org/sounds/uploaded/SBFBVYGIJC/ffts/XC56752-med.png","//www.xeno-canto.org/sounds/uploaded/SBFBVYGIJC/ffts/XC56752-large.png","//www.xeno-canto.org/sounds/uploaded/SBFBVYGIJC/ffts/XC56752-full.png","0:23","2010-06-25","Patagioenas plumbea","At lek. Singing perched, then flying off.","unknown","unknown",NA,NA,NA,NA,NA,NA,NA,NA
"38713","Phaethornis","malaris","","Great-billed Hermit","Alexandre Renaudier","Brazil","Borba, Amazonas","-4.388175","-59.593406","lekking birds","//www.xeno-canto.org/38713/download","//creativecommons.org/licenses/by-nc-nd/2.5/","//www.xeno-canto.org/38713","C","?:?","2009-07-17","?","//www.xeno-canto.org/sounds/uploaded/GKADEITXTH/ffts/XC38713-small.png","//www.xeno-canto.org/sounds/uploaded/GKADEITXTH/ffts/XC38713-med.png","//www.xeno-canto.org/sounds/uploaded/GKADEITXTH/ffts/XC38713-large.png","//www.xeno-canto.org/sounds/uploaded/GKADEITXTH/ffts/XC38713-full.png","0:37","2009-09-13","Lipaugus vociferans","natural recording","unknown","unknown",NA,NA,NA,NA,NA,NA,NA,NA
"37430","Phaethornis","malaris","moorei","Great-billed Hermit","Charlie Vogt","Ecuador","Yachana forest reserve, 17km SE Loreto, Napo Province ",NA,NA,"song at lek","//www.xeno-canto.org/37430/download","//creativecommons.org/licenses/by-nc-nd/2.5/","//www.xeno-canto.org/37430","C","10:47","2009-08-02","475","//www.xeno-canto.org/sounds/uploaded/NYTXYAQSTH/ffts/XC37430-small.png","//www.xeno-canto.org/sounds/uploaded/NYTXYAQSTH/ffts/XC37430-med.png","//www.xeno-canto.org/sounds/uploaded/NYTXYAQSTH/ffts/XC37430-large.png","//www.xeno-canto.org/sounds/uploaded/NYTXYAQSTH/ffts/XC37430-full.png","0:43","2009-08-07","Lipaugus vociferans","natural vocalization","unknown","unknown",NA,NA,NA,NA,NA,NA,NA,NA
"17709","Phaethornis","malaris","","Great-billed Hermit","Andrew Spencer","Ecuador","Yasuní Research Station, Parque Nacional Yasuní, Orellana","-0.6742","-76.3978","call","//www.xeno-canto.org/17709/download","//creativecommons.org/licenses/by-nc-nd/2.5/","//www.xeno-canto.org/17709","C","11:00","2008-01-07","280","//www.xeno-canto.org/sounds/uploaded/CDTGHVBGZP/ffts/XC17709-small.png","//www.xeno-canto.org/sounds/uploaded/CDTGHVBGZP/ffts/XC17709-med.png","//www.xeno-canto.org/sounds/uploaded/CDTGHVBGZP/ffts/XC17709-large.png","//www.xeno-canto.org/sounds/uploaded/CDTGHVBGZP/ffts/XC17709-full.png","0:05","2008-11-20","","calls from a bird that came to investigate me and then flew away","unknown","unknown",NA,NA,NA,NA,NA,NA,NA,NA
"4384","Phaethornis","malaris","","Great-billed Hermit","Aidan Maccormick","Bolivia","Tariquia, El Cajón, Tarija","-22","-64.48333","Song","//www.xeno-canto.org/4384/download","//creativecommons.org/licenses/by-nc-nd/2.5/","//www.xeno-canto.org/4384","C","6:45","2004-11-08","725","//www.xeno-canto.org/sounds/uploaded/SCTZBYJFRC/ffts/XC4384-small.png","//www.xeno-canto.org/sounds/uploaded/SCTZBYJFRC/ffts/XC4384-med.png","//www.xeno-canto.org/sounds/uploaded/SCTZBYJFRC/ffts/XC4384-large.png","//www.xeno-canto.org/sounds/uploaded/SCTZBYJFRC/ffts/XC4384-full.png","0:16","2008-11-20","","link:http://www.boliviakba.co.uk/yungas.htm","unknown","unknown",NA,NA,NA,NA,NA,NA,NA,NA
"3692","Phaethornis","malaris","","Great-billed Hermit","Sebastian K. Herzog","Bolivia","Old rd Cochabamba - V. Tunari, Camp 5; Carrasco NP, Cochabamba","-17.0834","-65.5001","Song","//www.xeno-canto.org/3692/download","//creativecommons.org/licenses/by-nc-nd/2.5/","//www.xeno-canto.org/3692","C","9:50","1996-09-05","700","//www.xeno-canto.org/sounds/uploaded/UYGLRGKDEF/ffts/XC3692-small.png","//www.xeno-canto.org/sounds/uploaded/UYGLRGKDEF/ffts/XC3692-med.png","//www.xeno-canto.org/sounds/uploaded/UYGLRGKDEF/ffts/XC3692-large.png","//www.xeno-canto.org/sounds/uploaded/UYGLRGKDEF/ffts/XC3692-full.png","0:42","2008-11-20","","cd:http://www.birdsongs.com/Bolivia/main.htm","unknown","unknown",NA,NA,NA,NA,NA,NA,NA,NA
"106306","Phaethornis","malaris","","Great-billed Hermit","Oswaldo Cortes","Colombia","San Jose de Guaviare - Departamento del Guaviare","2.667","-72.6148","song","//www.xeno-canto.org/106306/download","//creativecommons.org/licenses/by-nc-nd/2.5/","//www.xeno-canto.org/106306","D","15:48","2012-06-26","50","//www.xeno-canto.org/sounds/uploaded/VVDRVZCVWW/ffts/XC106306-small.png","//www.xeno-canto.org/sounds/uploaded/VVDRVZCVWW/ffts/XC106306-med.png","//www.xeno-canto.org/sounds/uploaded/VVDRVZCVWW/ffts/XC106306-large.png","//www.xeno-canto.org/sounds/uploaded/VVDRVZCVWW/ffts/XC106306-full.png","0:08","2012-07-29","","","unknown","unknown",NA,NA,NA,NA,NA,NA,NA,NA
"382361","Phaethornis","syrmatophorus","","Tawny-bellied Hermit","Fabrice Schmitt","Colombia","Reserva Natural río Ñambí, Vereda el Barro, Altaquer, Barbacoas, Nariño.","1.3001","-78.0834","song","//www.xeno-canto.org/382361/download","//creativecommons.org/licenses/by-nc-sa/4.0/","//www.xeno-canto.org/382361","A","14:30","2017-07-31","1400","//www.xeno-canto.org/sounds/uploaded/FPAGKPAQYO/ffts/XC382361-small.png","//www.xeno-canto.org/sounds/uploaded/FPAGKPAQYO/ffts/XC382361-med.png","//www.xeno-canto.org/sounds/uploaded/FPAGKPAQYO/ffts/XC382361-large.png","//www.xeno-canto.org/sounds/uploaded/FPAGKPAQYO/ffts/XC382361-full.png","0:41","2017-08-08","","2-3 birds at a lek","yes","no",NA,NA,NA,NA,NA,NA,NA,NA
"276362","Phaethornis","syrmatophorus","syrmatophorus","Tawny-bellied Hermit","Jonas Nilsson","Ecuador","Carchi: between Maldonado and Laurel","0.893","-78.085","song","//www.xeno-canto.org/276362/download","//creativecommons.org/licenses/by-nc-sa/4.0/","//www.xeno-canto.org/276362","A","07:20","2002-02-03","1760","//www.xeno-canto.org/sounds/uploaded/GTTLRDCZWR/ffts/XC276362-small.png","//www.xeno-canto.org/sounds/uploaded/GTTLRDCZWR/ffts/XC276362-med.png","//www.xeno-canto.org/sounds/uploaded/GTTLRDCZWR/ffts/XC276362-large.png","//www.xeno-canto.org/sounds/uploaded/GTTLRDCZWR/ffts/XC276362-full.png","0:35","2015-08-28","Myiothlypis coronata","Humid forest. Reference: JN3. Krabbe & Nilsson (2003) (ISBN 90-75838-06-9).","yes","no",NA,NA,NA,NA,NA,NA,NA,NA
"276360","Phaethornis","syrmatophorus","syrmatophorus","Tawny-bellied Hermit","Jonas Nilsson","Ecuador","Carchi: Maldonado road","0.9","-78.098","song","//www.xeno-canto.org/276360/download","//creativecommons.org/licenses/by-nc-sa/4.0/","//www.xeno-canto.org/276360","A","07:05","2002-02-02","1550","//www.xeno-canto.org/sounds/uploaded/GTTLRDCZWR/ffts/XC276360-small.png","//www.xeno-canto.org/sounds/uploaded/GTTLRDCZWR/ffts/XC276360-med.png","//www.xeno-canto.org/sounds/uploaded/GTTLRDCZWR/ffts/XC276360-large.png","//www.xeno-canto.org/sounds/uploaded/GTTLRDCZWR/ffts/XC276360-full.png","0:33","2015-08-28","Cyclarhis nigrirostris","Humid forest. Reference: JN2. Krabbe & Nilsson (2003) (ISBN 90-75838-06-9).","yes","no",NA,NA,NA,NA,NA,NA,NA,NA
"276359","Phaethornis","syrmatophorus","syrmatophorus","Tawny-bellied Hermit","Jonas Nilsson","Ecuador","Carchi: Maldonado road","0.9","-78.098","song","//www.xeno-canto.org/276359/download","//creativecommons.org/licenses/by-nc-sa/4.0/","//www.xeno-canto.org/276359","A","06:25","2002-02-02","1550","//www.xeno-canto.org/sounds/uploaded/GTTLRDCZWR/ffts/XC276359-small.png","//www.xeno-canto.org/sounds/uploaded/GTTLRDCZWR/ffts/XC276359-med.png","//www.xeno-canto.org/sounds/uploaded/GTTLRDCZWR/ffts/XC276359-large.png","//www.xeno-canto.org/sounds/uploaded/GTTLRDCZWR/ffts/XC276359-full.png","0:12","2015-08-28","","Humid forest. Reference: JN1. Krabbe & Nilsson (2003) (ISBN 90-75838-06-9).","yes","no",NA,NA,NA,NA,NA,NA,NA,NA
"273887","Phaethornis","syrmatophorus","","Tawny-bellied Hermit","Peter Boesman","Colombia","PN Tatamá, Montezuma trail near Pueblo Rico , Risaralda","5.234","-76.089","song","//www.xeno-canto.org/273887/download","//creativecommons.org/licenses/by-nc-nd/4.0/","//www.xeno-canto.org/273887","A","16:00","2010-01-01","1600","//www.xeno-canto.org/sounds/uploaded/OOECIWCSWV/ffts/XC273887-small.png","//www.xeno-canto.org/sounds/uploaded/OOECIWCSWV/ffts/XC273887-med.png","//www.xeno-canto.org/sounds/uploaded/OOECIWCSWV/ffts/XC273887-large.png","//www.xeno-canto.org/sounds/uploaded/OOECIWCSWV/ffts/XC273887-full.png","0:07","2015-08-27","","","unknown","unknown",NA,NA,NA,NA,NA,NA,NA,NA
"273886","Phaethornis","syrmatophorus","","Tawny-bellied Hermit","Peter Boesman","Colombia","PN Tatamá, Montezuma trail near Pueblo Rico , Risaralda","5.234","-76.089","call","//www.xeno-canto.org/273886/download","//creativecommons.org/licenses/by-nc-nd/4.0/","//www.xeno-canto.org/273886","A","11:40","2010-01-01","1600","//www.xeno-canto.org/sounds/uploaded/OOECIWCSWV/ffts/XC273886-small.png","//www.xeno-canto.org/sounds/uploaded/OOECIWCSWV/ffts/XC273886-med.png","//www.xeno-canto.org/sounds/uploaded/OOECIWCSWV/ffts/XC273886-large.png","//www.xeno-canto.org/sounds/uploaded/OOECIWCSWV/ffts/XC273886-full.png","0:15","2015-08-27","Baryphthengus martii","","unknown","unknown",NA,NA,NA,NA,NA,NA,NA,NA
"273462","Phaethornis","syrmatophorus","","Tawny-bellied Hermit","Peter Boesman","Colombia","La Romera near Medellin, Antioquia","6.1298","-75.5999","song","//www.xeno-canto.org/273462/download","//creativecommons.org/licenses/by-nc-nd/4.0/","//www.xeno-canto.org/273462","A","08:00","2011-02-05","","//www.xeno-canto.org/sounds/uploaded/OOECIWCSWV/ffts/XC273462-small.png","//www.xeno-canto.org/sounds/uploaded/OOECIWCSWV/ffts/XC273462-med.png","//www.xeno-canto.org/sounds/uploaded/OOECIWCSWV/ffts/XC273462-large.png","//www.xeno-canto.org/sounds/uploaded/OOECIWCSWV/ffts/XC273462-full.png","0:40","2015-08-27","","","unknown","unknown",NA,NA,NA,NA,NA,NA,NA,NA
"264457","Phaethornis","syrmatophorus","syrmatophorus","Tawny-bellied Hermit","Paul Coopmans","Ecuador","Pichincha: mid Chiriboga road","-0.271","-78.837","song at lek","//www.xeno-canto.org/264457/download","//creativecommons.org/licenses/by-nc-sa/4.0/","//www.xeno-canto.org/264457","A","?","1991-08-00","1900","//www.xeno-canto.org/sounds/uploaded/XTVEPHMPPJ/ffts/XC264457-small.png","//www.xeno-canto.org/sounds/uploaded/XTVEPHMPPJ/ffts/XC264457-med.png","//www.xeno-canto.org/sounds/uploaded/XTVEPHMPPJ/ffts/XC264457-large.png","//www.xeno-canto.org/sounds/uploaded/XTVEPHMPPJ/ffts/XC264457-full.png","0:25","2015-07-30","","<a href=""http://johnvmoorenaturerecordings.com/pubs/ECUAD/main.htm"">Moore et al. 2013: Bird Sounds of Ecuador DVD</a>.","unknown","no",NA,NA,NA,NA,NA,NA,NA,NA
"264456","Phaethornis","syrmatophorus","syrmatophorus","Tawny-bellied Hermit","Paul Coopmans","Colombia","Nariño: Río Ñambí","1.3","-78.083","song at lek","//www.xeno-canto.org/264456/download","//creativecommons.org/licenses/by-nc-sa/4.0/","//www.xeno-canto.org/264456","A","?","1998-08-00","1300","//www.xeno-canto.org/sounds/uploaded/XTVEPHMPPJ/ffts/XC264456-small.png","//www.xeno-canto.org/sounds/uploaded/XTVEPHMPPJ/ffts/XC264456-med.png","//www.xeno-canto.org/sounds/uploaded/XTVEPHMPPJ/ffts/XC264456-large.png","//www.xeno-canto.org/sounds/uploaded/XTVEPHMPPJ/ffts/XC264456-full.png","0:31","2015-07-30","","<a href=""http://johnvmoorenaturerecordings.com/pubs/ECUAD/main.htm"">Moore et al. 2013: Bird Sounds of Ecuador DVD</a>.","unknown","no",NA,NA,NA,NA,NA,NA,NA,NA
"261698","Phaethornis","syrmatophorus","syrmatophorus","Tawny-bellied Hermit","Olaf Jahn","Ecuador","Esmeraldas: San Vicente Alto, Cordillera de Lachas, Cotacachi-Cayapas Ecological Reserve","0.783","-78.533","calls","//www.xeno-canto.org/261698/download","//creativecommons.org/licenses/by-nc-sa/4.0/","//www.xeno-canto.org/261698","A","?","2006-09-00","1750","//www.xeno-canto.org/sounds/uploaded/UZXDJEAXMH/ffts/XC261698-small.png","//www.xeno-canto.org/sounds/uploaded/UZXDJEAXMH/ffts/XC261698-med.png","//www.xeno-canto.org/sounds/uploaded/UZXDJEAXMH/ffts/XC261698-large.png","//www.xeno-canto.org/sounds/uploaded/UZXDJEAXMH/ffts/XC261698-full.png","0:23","2015-07-19","","<a href=http://johnvmoorenaturerecordings.com/pubs/ECUAD/main.htm>Moore et al. 2013: Bird Sounds of Ecuador DVD </a>Perched bird and response of another individual flying by. Looped once","unknown","no",NA,NA,NA,NA,NA,NA,NA,NA
"261697","Phaethornis","syrmatophorus","syrmatophorus","Tawny-bellied Hermit","Olaf Jahn","Ecuador","Esmeraldas: San Vicente Alto, Cordillera de Lachas, Cotacachi-Cayapas Ecological Reserve","0.783","-78.533","wing noise, flight calls","//www.xeno-canto.org/261697/download","//creativecommons.org/licenses/by-nc-sa/4.0/","//www.xeno-canto.org/261697","A","?","2006-09-00","1750","//www.xeno-canto.org/sounds/uploaded/UZXDJEAXMH/ffts/XC261697-small.png","//www.xeno-canto.org/sounds/uploaded/UZXDJEAXMH/ffts/XC261697-med.png","//www.xeno-canto.org/sounds/uploaded/UZXDJEAXMH/ffts/XC261697-large.png","//www.xeno-canto.org/sounds/uploaded/UZXDJEAXMH/ffts/XC261697-full.png","0:27","2015-07-19","","<a href=http://johnvmoorenaturerecordings.com/pubs/ECUAD/main.htm>Moore et al. 2013: Bird Sounds of Ecuador DVD </a>Looped once","unknown","no",NA,NA,NA,NA,NA,NA,NA,NA
"260454","Phaethornis","syrmatophorus","columbianus","Tawny-bellied Hermit","Mitch Lysinger","Ecuador","Napo: 'Cabañas San Isidro', 1-2 km SW Cosanga","-0.589","-77.877","song","//www.xeno-canto.org/260454/download","//creativecommons.org/licenses/by-nc-sa/4.0/","//www.xeno-canto.org/260454","A","?","2009-02-00","1900","//www.xeno-canto.org/sounds/uploaded/OWZTPLFLJS/ffts/XC260454-small.png","//www.xeno-canto.org/sounds/uploaded/OWZTPLFLJS/ffts/XC260454-med.png","//www.xeno-canto.org/sounds/uploaded/OWZTPLFLJS/ffts/XC260454-large.png","//www.xeno-canto.org/sounds/uploaded/OWZTPLFLJS/ffts/XC260454-full.png","0:22","2015-07-18","","<a href=http://johnvmoorenaturerecordings.com/pubs/ECUAD/main.htm>Moore et al. 2013: Bird Sounds of Ecuador DVD </a>","unknown","no",NA,NA,NA,NA,NA,NA,NA,NA
"260453","Phaethornis","syrmatophorus","columbianus","Tawny-bellied Hermit","Mitch Lysinger","Ecuador","Napo: 'Cabañas San Isidro', 1-2 km SW Cosanga","-0.589","-77.877","song","//www.xeno-canto.org/260453/download","//creativecommons.org/licenses/by-nc-sa/4.0/","//www.xeno-canto.org/260453","A","?","1998-09-03","2050","//www.xeno-canto.org/sounds/uploaded/OWZTPLFLJS/ffts/XC260453-small.png","//www.xeno-canto.org/sounds/uploaded/OWZTPLFLJS/ffts/XC260453-med.png","//www.xeno-canto.org/sounds/uploaded/OWZTPLFLJS/ffts/XC260453-large.png","//www.xeno-canto.org/sounds/uploaded/OWZTPLFLJS/ffts/XC260453-full.png","0:17","2015-07-18","","<a href=http://johnvmoorenaturerecordings.com/pubs/ECUAD/main.htm>Moore et al. 2013: Bird Sounds of Ecuador DVD </a>","unknown","no",NA,NA,NA,NA,NA,NA,NA,NA
"257791","Phaethornis","syrmatophorus","syrmatophorus","Tawny-bellied Hermit","John V. Moore","Ecuador","Pichincha: Mindo area","-0.051","-78.778","flight calls","//www.xeno-canto.org/257791/download","//creativecommons.org/licenses/by-nc-sa/4.0/","//www.xeno-canto.org/257791","A","?","1998-03-00","1400","//www.xeno-canto.org/sounds/uploaded/YKKDTZHLUU/ffts/XC257791-small.png","//www.xeno-canto.org/sounds/uploaded/YKKDTZHLUU/ffts/XC257791-med.png","//www.xeno-canto.org/sounds/uploaded/YKKDTZHLUU/ffts/XC257791-large.png","//www.xeno-canto.org/sounds/uploaded/YKKDTZHLUU/ffts/XC257791-full.png","0:17","2015-07-16","","<a href=http://johnvmoorenaturerecordings.com/pubs/ECUAD/main.htm>Moore et al. 2013: Bird Sounds of Ecuador DVD </a>Looped once","unknown","no",NA,NA,NA,NA,NA,NA,NA,NA
"241228","Phaethornis","syrmatophorus","syrmatophorus","Tawny-bellied Hermit","Oscar Humberto Marín Gómez","Colombia","Reserva Natural río Ñambí, Vereda el Barro, Altaquer, Barbacoas, Nariño.","1.3001","-78.0834","call","//www.xeno-canto.org/241228/download","//creativecommons.org/licenses/by-nc-sa/3.0/","//www.xeno-canto.org/241228","A","16:48","2014-01-22","1300","//www.xeno-canto.org/sounds/uploaded/CSUHASNRSU/ffts/XC241228-small.png","//www.xeno-canto.org/sounds/uploaded/CSUHASNRSU/ffts/XC241228-med.png","//www.xeno-canto.org/sounds/uploaded/CSUHASNRSU/ffts/XC241228-large.png","//www.xeno-canto.org/sounds/uploaded/CSUHASNRSU/ffts/XC241228-full.png","1:29","2015-05-12","","Distress calls of a bird catched in mist net. ID accurancy: 100%. Habitat: Understory of Low montane rain forest. Code: NAMBI _1372.  TASCAM DR 100 MKII with internal mic.","yes","no",NA,NA,NA,NA,NA,NA,NA,NA
"241227","Phaethornis","syrmatophorus","syrmatophorus","Tawny-bellied Hermit","Oscar Humberto Marín Gómez","Colombia","Reserva Natural río Ñambí, Vereda el Barro, Altaquer, Barbacoas, Nariño.","1.3001","-78.0834","call","//www.xeno-canto.org/241227/download","//creativecommons.org/licenses/by-nc-sa/3.0/","//www.xeno-canto.org/241227","A","16:46","2014-01-22","1300","//www.xeno-canto.org/sounds/uploaded/CSUHASNRSU/ffts/XC241227-small.png","//www.xeno-canto.org/sounds/uploaded/CSUHASNRSU/ffts/XC241227-med.png","//www.xeno-canto.org/sounds/uploaded/CSUHASNRSU/ffts/XC241227-large.png","//www.xeno-canto.org/sounds/uploaded/CSUHASNRSU/ffts/XC241227-full.png","0:32","2015-05-12","","Distress calls of a bird catched in mist net. ID accurancy: 100%. Habitat: Understory of Low montane rain forest. Code: NAMBI _1371.  TASCAM DR 100 MKII with internal mic.","yes","no",NA,NA,NA,NA,NA,NA,NA,NA
"241224","Phaethornis","syrmatophorus","syrmatophorus","Tawny-bellied Hermit","Oscar Humberto Marín Gómez","Colombia","Reserva Natural río Ñambí, Vereda el Barro, Altaquer, Barbacoas, Nariño.","1.3001","-78.0834","call","//www.xeno-canto.org/241224/download","//creativecommons.org/licenses/by-nc-sa/3.0/","//www.xeno-canto.org/241224","A","10:43","2014-01-22","1300","//www.xeno-canto.org/sounds/uploaded/CSUHASNRSU/ffts/XC241224-small.png","//www.xeno-canto.org/sounds/uploaded/CSUHASNRSU/ffts/XC241224-med.png","//www.xeno-canto.org/sounds/uploaded/CSUHASNRSU/ffts/XC241224-large.png","//www.xeno-canto.org/sounds/uploaded/CSUHASNRSU/ffts/XC241224-full.png","1:55","2015-05-12","","Distress calls of a bird catched in mist net. ID accurancy: 100%. Habitat: Understory of Low montane rain forest. Code: NAMBI _1367.  TASCAM DR 100 MKII with internal mic.","yes","no",NA,NA,NA,NA,NA,NA,NA,NA
"241223","Phaethornis","syrmatophorus","syrmatophorus","Tawny-bellied Hermit","Oscar Humberto Marín Gómez","Colombia","Reserva Natural río Ñambí, Vereda el Barro, Altaquer, Barbacoas, Nariño.","1.3001","-78.0834","call","//www.xeno-canto.org/241223/download","//creativecommons.org/licenses/by-nc-sa/3.0/","//www.xeno-canto.org/241223","A","09:05","2014-01-22","1300","//www.xeno-canto.org/sounds/uploaded/CSUHASNRSU/ffts/XC241223-small.png","//www.xeno-canto.org/sounds/uploaded/CSUHASNRSU/ffts/XC241223-med.png","//www.xeno-canto.org/sounds/uploaded/CSUHASNRSU/ffts/XC241223-large.png","//www.xeno-canto.org/sounds/uploaded/CSUHASNRSU/ffts/XC241223-full.png","1:23","2015-05-12","","Distress calls of a bird catched in mist net. ID accurancy: 100%. Habitat: Understory of Low montane rain forest. Code: NAMBI _1366.  TASCAM DR 100 MKII with internal mic.","yes","no",NA,NA,NA,NA,NA,NA,NA,NA
"241222","Phaethornis","syrmatophorus","syrmatophorus","Tawny-bellied Hermit","Oscar Humberto Marín Gómez","Colombia","Reserva Natural río Ñambí, Vereda el Barro, Altaquer, Barbacoas, Nariño.","1.3001","-78.0834","call","//www.xeno-canto.org/241222/download","//creativecommons.org/licenses/by-nc-sa/3.0/","//www.xeno-canto.org/241222","A","09:00","2014-01-22","1300","//www.xeno-canto.org/sounds/uploaded/CSUHASNRSU/ffts/XC241222-small.png","//www.xeno-canto.org/sounds/uploaded/CSUHASNRSU/ffts/XC241222-med.png","//www.xeno-canto.org/sounds/uploaded/CSUHASNRSU/ffts/XC241222-large.png","//www.xeno-canto.org/sounds/uploaded/CSUHASNRSU/ffts/XC241222-full.png","0:26","2015-05-12","","Distress calls of a bird catched in mist net. ID accurancy: 100%. Habitat: Understory of Low montane rain forest. Code: NAMBI _1365.  TASCAM DR 100 MKII with internal mic.","yes","no",NA,NA,NA,NA,NA,NA,NA,NA
"241221","Phaethornis","syrmatophorus","syrmatophorus","Tawny-bellied Hermit","Oscar Humberto Marín Gómez","Colombia","Reserva Natural río Ñambí, Vereda el Barro, Altaquer, Barbacoas, Nariño.","1.3001","-78.0834","call","//www.xeno-canto.org/241221/download","//creativecommons.org/licenses/by-nc-sa/3.0/","//www.xeno-canto.org/241221","A","08:58","2014-01-22","1300","//www.xeno-canto.org/sounds/uploaded/CSUHASNRSU/ffts/XC241221-small.png","//www.xeno-canto.org/sounds/uploaded/CSUHASNRSU/ffts/XC241221-med.png","//www.xeno-canto.org/sounds/uploaded/CSUHASNRSU/ffts/XC241221-large.png","//www.xeno-canto.org/sounds/uploaded/CSUHASNRSU/ffts/XC241221-full.png","0:40","2015-05-12","","Distress calls of a bird catched in mist net. ID accurancy: 100%. Habitat: Understory of Low montane rain forest. Code: NAMBI _1364.  TASCAM DR 100 MKII with internal mic.","yes","no",NA,NA,NA,NA,NA,NA,NA,NA
"241220","Phaethornis","syrmatophorus","syrmatophorus","Tawny-bellied Hermit","Oscar Humberto Marín Gómez","Colombia","Reserva Natural río Ñambí, Vereda el Barro, Altaquer, Barbacoas, Nariño.","1.3001","-78.0834","call","//www.xeno-canto.org/241220/download","//creativecommons.org/licenses/by-nc-sa/3.0/","//www.xeno-canto.org/241220","A","09:03","2014-01-21","1300","//www.xeno-canto.org/sounds/uploaded/CSUHASNRSU/ffts/XC241220-small.png","//www.xeno-canto.org/sounds/uploaded/CSUHASNRSU/ffts/XC241220-med.png","//www.xeno-canto.org/sounds/uploaded/CSUHASNRSU/ffts/XC241220-large.png","//www.xeno-canto.org/sounds/uploaded/CSUHASNRSU/ffts/XC241220-full.png","1:09","2015-05-12","","Distress calls of a bird catched in mist net. ID accurancy: 100%. Habitat: Understory of Low montane rain forest. Code: NAMBI _1362.  TASCAM DR 100 MKII with internal mic.","yes","no",NA,NA,NA,NA,NA,NA,NA,NA
"241211","Phaethornis","syrmatophorus","syrmatophorus","Tawny-bellied Hermit","Oscar Humberto Marín Gómez","Colombia","Reserva Natural río Ñambí, Vereda el Barro, Altaquer, Barbacoas, Nariño.","1.3001","-78.0834","call","//www.xeno-canto.org/241211/download","//creativecommons.org/licenses/by-nc-sa/3.0/","//www.xeno-canto.org/241211","A","10:30","2014-01-20","1300","//www.xeno-canto.org/sounds/uploaded/CSUHASNRSU/ffts/XC241211-small.png","//www.xeno-canto.org/sounds/uploaded/CSUHASNRSU/ffts/XC241211-med.png","//www.xeno-canto.org/sounds/uploaded/CSUHASNRSU/ffts/XC241211-large.png","//www.xeno-canto.org/sounds/uploaded/CSUHASNRSU/ffts/XC241211-full.png","3:22","2015-05-12","","Another bird singing in a perifery of lek near to the ""Cabaña"". Distance: 5 m to mic. ID accurancy: 100%. Habitat: Low montane rain forest. Code: NAMBI _1354.  TASCAM DR 100 MKII with Sennheiser ME 66.","yes","no",NA,NA,NA,NA,NA,NA,NA,NA
"241210","Phaethornis","syrmatophorus","syrmatophorus","Tawny-bellied Hermit","Oscar Humberto Marín Gómez","Colombia","Reserva Natural río Ñambí, Vereda el Barro, Altaquer, Barbacoas, Nariño.","1.3001","-78.0834","call","//www.xeno-canto.org/241210/download","//creativecommons.org/licenses/by-nc-sa/3.0/","//www.xeno-canto.org/241210","A","10:25","2014-01-20","1300","//www.xeno-canto.org/sounds/uploaded/CSUHASNRSU/ffts/XC241210-small.png","//www.xeno-canto.org/sounds/uploaded/CSUHASNRSU/ffts/XC241210-med.png","//www.xeno-canto.org/sounds/uploaded/CSUHASNRSU/ffts/XC241210-large.png","//www.xeno-canto.org/sounds/uploaded/CSUHASNRSU/ffts/XC241210-full.png","2:01","2015-05-12","","Aggressive calls between two birds in lek. Distance: 4 m to mic. ID accurancy: 100%. Habitat: Low montane rain forest. Code: NAMBI _1353.  TASCAM DR 100 MKII with Sennheiser ME 66.","yes","no",NA,NA,NA,NA,NA,NA,NA,NA
"241209","Phaethornis","syrmatophorus","syrmatophorus","Tawny-bellied Hermit","Oscar Humberto Marín Gómez","Colombia","Reserva Natural río Ñambí, Vereda el Barro, Altaquer, Barbacoas, Nariño.","1.3001","-78.0834","song","//www.xeno-canto.org/241209/download","//creativecommons.org/licenses/by-nc-sa/3.0/","//www.xeno-canto.org/241209","A","10:08","2014-01-20","1300","//www.xeno-canto.org/sounds/uploaded/CSUHASNRSU/ffts/XC241209-small.png","//www.xeno-canto.org/sounds/uploaded/CSUHASNRSU/ffts/XC241209-med.png","//www.xeno-canto.org/sounds/uploaded/CSUHASNRSU/ffts/XC241209-large.png","//www.xeno-canto.org/sounds/uploaded/CSUHASNRSU/ffts/XC241209-full.png","3:20","2015-05-12","","One bird singing in open understory. Distance: 4 m to mic. ID accurancy: 100%. Habitat: Low montane rain forest. Code: NAMBI _1352.  TASCAM DR 100 MKII with Sennheiser ME 66.","yes","no",NA,NA,NA,NA,NA,NA,NA,NA
"241203","Phaethornis","syrmatophorus","syrmatophorus","Tawny-bellied Hermit","Oscar Humberto Marín Gómez","Colombia","Reserva Natural río Ñambí, Vereda el Barro, Altaquer, Barbacoas, Nariño.","1.3001","-78.0834","song","//www.xeno-canto.org/241203/download","//creativecommons.org/licenses/by-nc-sa/3.0/","//www.xeno-canto.org/241203","A","06:43","2014-01-20","1300","//www.xeno-canto.org/sounds/uploaded/CSUHASNRSU/ffts/XC241203-small.png","//www.xeno-canto.org/sounds/uploaded/CSUHASNRSU/ffts/XC241203-med.png","//www.xeno-canto.org/sounds/uploaded/CSUHASNRSU/ffts/XC241203-large.png","//www.xeno-canto.org/sounds/uploaded/CSUHASNRSU/ffts/XC241203-full.png","3:18","2015-05-12","Basileuterus tristriatus","Two birds singing in lek in dense understory near to Columnea medicinalis patches. Distance: 10 m to mic. ID accurancy: 100%. Habitat: Low montane rain forest. Code: NAMBI _1345.  TASCAM DR 100 MKII with Sennheiser ME 66.","yes","no",NA,NA,NA,NA,NA,NA,NA,NA
"130815","Phaethornis","syrmatophorus","","Tawny-bellied Hermit","Oscar Humberto Marin-Gomez","Colombia","Reserva Natural Cerro El Ingles, Valle del Cauca","4.7417","-76.2962","Lek display, call, song","//www.xeno-canto.org/130815/download","//creativecommons.org/licenses/by-nc-sa/3.0/","//www.xeno-canto.org/130815","A","06:30","2011-03-14","2100","//www.xeno-canto.org/sounds/uploaded/CSUHASNRSU/ffts/XC130815-small.png","//www.xeno-canto.org/sounds/uploaded/CSUHASNRSU/ffts/XC130815-med.png","//www.xeno-canto.org/sounds/uploaded/CSUHASNRSU/ffts/XC130815-large.png","//www.xeno-canto.org/sounds/uploaded/CSUHASNRSU/ffts/XC130815-full.png","5:32","2013-04-20","","Ref: OHM72B 0531. Tres individuos en lek, vegetación n enmarañada del sotobosque cerca al borde de bosque, a 10m del mic. Bosque montano. Camino hacia La Florida. Vocalización Natural. Grabaciones junto con Diego Gomez Hoyos.","yes","no",NA,NA,NA,NA,NA,NA,NA,NA
"93137","Phaethornis","syrmatophorus","columbianus","Tawny-bellied Hermit","Leonardo Ordóñez-Delgado","Ecuador","Cascada Velo de Novia, Zamora, Zamora Chinchipe","-3.9992","-79.0192","call","//www.xeno-canto.org/93137/download","//creativecommons.org/licenses/by-nc-nd/2.5/","//www.xeno-canto.org/93137","A","06:45","2011-11-14","1543","//www.xeno-canto.org/sounds/uploaded/RJNSQXBIJE/ffts/XC93137-small.png","//www.xeno-canto.org/sounds/uploaded/RJNSQXBIJE/ffts/XC93137-med.png","//www.xeno-canto.org/sounds/uploaded/RJNSQXBIJE/ffts/XC93137-large.png","//www.xeno-canto.org/sounds/uploaded/RJNSQXBIJE/ffts/XC93137-full.png","0:46","2012-01-20","","","yes","no",NA,NA,NA,NA,NA,NA,NA,NA
"39004","Phaethornis","syrmatophorus","","Tawny-bellied Hermit","Frank Lambert","Peru","ECOAN Lodge, Abra Patricia, San Martin","-5.671292","-77.758827","song","//www.xeno-canto.org/39004/download","//creativecommons.org/licenses/by-nc-nd/4.0/","//www.xeno-canto.org/39004","A","11:30","2008-05-17","1900","//www.xeno-canto.org/sounds/uploaded/YTUXOCTUEM/ffts/XC39004-small.png","//www.xeno-canto.org/sounds/uploaded/YTUXOCTUEM/ffts/XC39004-med.png","//www.xeno-canto.org/sounds/uploaded/YTUXOCTUEM/ffts/XC39004-large.png","//www.xeno-canto.org/sounds/uploaded/YTUXOCTUEM/ffts/XC39004-full.png","0:16","2009-09-21","","lekking  male","unknown","unknown",NA,NA,NA,NA,NA,NA,NA,NA
"32032","Phaethornis","syrmatophorus","syrmatophorus","Tawny-bellied Hermit","Nick Athanas","Ecuador","Tandayapa Bird Lodge, Tandayapa Valley, Pichincha","0.01","-78.6776","lekking","//www.xeno-canto.org/32032/download","//creativecommons.org/licenses/by-nc-sa/3.0/","//www.xeno-canto.org/32032","A","12:00","2000-11-25","1800","//www.xeno-canto.org/sounds/uploaded/XRABICUARW/ffts/XC32032-small.png","//www.xeno-canto.org/sounds/uploaded/XRABICUARW/ffts/XC32032-med.png","//www.xeno-canto.org/sounds/uploaded/XRABICUARW/ffts/XC32032-large.png","//www.xeno-canto.org/sounds/uploaded/XRABICUARW/ffts/XC32032-full.png","1:25","2009-04-06",NA,"","unknown","unknown","Mionectes striaticollis","Henicorhina leucophrys",NA,NA,NA,NA,NA,NA
"20767","Phaethornis","syrmatophorus","","Tawny-bellied Hermit","Nick Athanas","Peru","ACP Abra Patricia-Alto Nieva, San Martín","-5.7009","-77.8123","song","//www.xeno-canto.org/20767/download","//creativecommons.org/licenses/by-nc-sa/3.0/","//www.xeno-canto.org/20767","A","16:14","2008-05-17","2030","//www.xeno-canto.org/sounds/uploaded/XRABICUARW/ffts/XC20767-small.png","//www.xeno-canto.org/sounds/uploaded/XRABICUARW/ffts/XC20767-med.png","//www.xeno-canto.org/sounds/uploaded/XRABICUARW/ffts/XC20767-large.png","//www.xeno-canto.org/sounds/uploaded/XRABICUARW/ffts/XC20767-full.png","0:39","2008-11-20","","This would be ssp. huallagae, but IOC does not currently recognize it.","unknown","unknown",NA,NA,NA,NA,NA,NA,NA,NA
"3846","Phaethornis","syrmatophorus","syrmatophorus","Tawny-bellied Hermit","Nick Athanas","Ecuador","Tandayapa Bird Lodge, Tandayapa Valley, Pichincha","0.01","-78.6776","lekking","//www.xeno-canto.org/3846/download","//creativecommons.org/licenses/by-nc-sa/3.0/","//www.xeno-canto.org/3846","A","11:00","2003-01-12","1800","//www.xeno-canto.org/sounds/uploaded/XRABICUARW/ffts/XC3846-small.png","//www.xeno-canto.org/sounds/uploaded/XRABICUARW/ffts/XC3846-med.png","//www.xeno-canto.org/sounds/uploaded/XRABICUARW/ffts/XC3846-large.png","//www.xeno-canto.org/sounds/uploaded/XRABICUARW/ffts/XC3846-full.png","0:27","2008-11-20","Formicarius rufipectus","","unknown","unknown",NA,NA,NA,NA,NA,NA,NA,NA
"238811","Phaethornis","syrmatophorus","columbianus","Tawny-bellied Hermit","Niels Krabbe","Ecuador","Sucumbíos: Quebrada Las Ollas","0.555","-77.53","song at lek","//www.xeno-canto.org/238811/download","//creativecommons.org/licenses/by-nc-sa/3.0/","//www.xeno-canto.org/238811","B","6:45","1991-09-18","2150","//www.xeno-canto.org/sounds/uploaded/XTVEPHMPPJ/ffts/XC238811-small.png","//www.xeno-canto.org/sounds/uploaded/XTVEPHMPPJ/ffts/XC238811-med.png","//www.xeno-canto.org/sounds/uploaded/XTVEPHMPPJ/ffts/XC238811-large.png","//www.xeno-canto.org/sounds/uploaded/XTVEPHMPPJ/ffts/XC238811-full.png","0:05","2015-05-01","","Humid forest. Reference: XXXIIA 350-355 (Phasyr3). Krabbe & Nilsson (2003) (ISBN 90-75838-06-9).","yes","no",NA,NA,NA,NA,NA,NA,NA,NA
"193735","Phaethornis","syrmatophorus","","Tawny-bellied Hermit","Oscar Humberto Marin-Gomez","Colombia","Reserva Natural río Ñambí, Vereda el Barro, Altaquer, Barbacoas, Nariño","1.3001","-78.0834","Lek mating, song","//www.xeno-canto.org/193735/download","//creativecommons.org/licenses/by-nc-sa/4.0/","//www.xeno-canto.org/193735","B","06:30","0000-00-00","1400","//www.xeno-canto.org/sounds/uploaded/CSUHASNRSU/ffts/XC193735-small.png","//www.xeno-canto.org/sounds/uploaded/CSUHASNRSU/ffts/XC193735-med.png","//www.xeno-canto.org/sounds/uploaded/CSUHASNRSU/ffts/XC193735-large.png","//www.xeno-canto.org/sounds/uploaded/CSUHASNRSU/ffts/XC193735-full.png","3:00","2014-09-01","","","yes","no",NA,NA,NA,NA,NA,NA,NA,NA
"183737","Phaethornis","syrmatophorus","","Tawny-bellied Hermit","Dan Lane","Peru","Huancabamba, Piura","-5.1035","-79.3567","song","//www.xeno-canto.org/183737/download","//creativecommons.org/licenses/by-nc-sa/4.0/","//www.xeno-canto.org/183737","B","10:00","2014-06-12","2300","//www.xeno-canto.org/sounds/uploaded/WOEAFQRMUD/ffts/XC183737-small.png","//www.xeno-canto.org/sounds/uploaded/WOEAFQRMUD/ffts/XC183737-med.png","//www.xeno-canto.org/sounds/uploaded/WOEAFQRMUD/ffts/XC183737-large.png","//www.xeno-canto.org/sounds/uploaded/WOEAFQRMUD/ffts/XC183737-full.png","1:21","2014-06-26","","Long after playback from an unseen bird (same as in XC183735; seen when responding to playback) singing from understory of a small patch of primary subtropical forest by rushing river.","yes","yes",NA,NA,NA,NA,NA,NA,NA,NA
"183735","Phaethornis","syrmatophorus","","Tawny-bellied Hermit","Dan Lane","Peru","Huancabamba, Piura","-5.1035","-79.3567","song","//www.xeno-canto.org/183735/download","//creativecommons.org/licenses/by-nc-sa/4.0/","//www.xeno-canto.org/183735","B","10:00","2014-06-12","2300","//www.xeno-canto.org/sounds/uploaded/WOEAFQRMUD/ffts/XC183735-small.png","//www.xeno-canto.org/sounds/uploaded/WOEAFQRMUD/ffts/XC183735-med.png","//www.xeno-canto.org/sounds/uploaded/WOEAFQRMUD/ffts/XC183735-large.png","//www.xeno-canto.org/sounds/uploaded/WOEAFQRMUD/ffts/XC183735-full.png","2:45","2014-06-26","","Long after playback from an unseen bird (but seen when responding to playback) singing from understory of a small patch of primary subtropical forest by rushing river.","yes","yes",NA,NA,NA,NA,NA,NA,NA,NA
"162075","Phaethornis","syrmatophorus","","Tawny-bellied Hermit","Martin St-Michel","Ecuador","Reserva Las Tangaras, Mindo, Pichincha","-0.081","-78.7679","song","//www.xeno-canto.org/162075/download","//creativecommons.org/licenses/by-nc-sa/3.0/","//www.xeno-canto.org/162075","B","05:43","2013-12-09","1400","//www.xeno-canto.org/sounds/uploaded/WOPIRNCCSX/ffts/XC162075-small.png","//www.xeno-canto.org/sounds/uploaded/WOPIRNCCSX/ffts/XC162075-med.png","//www.xeno-canto.org/sounds/uploaded/WOPIRNCCSX/ffts/XC162075-large.png","//www.xeno-canto.org/sounds/uploaded/WOPIRNCCSX/ffts/XC162075-full.png","1:05","2013-12-31","","Habitat: riparian, second growth and primary forest.","no","no",NA,NA,NA,NA,NA,NA,NA,NA
"98211","Phaethornis","syrmatophorus","","Tawny-bellied Hermit","Scott Olmstead","Ecuador","Mindo, Pichincha","-0.0523","-78.7764","song","//www.xeno-canto.org/98211/download","//creativecommons.org/licenses/by-nc-nd/2.5/","//www.xeno-canto.org/98211","B","07:30","2008-10-12","1375","//www.xeno-canto.org/sounds/uploaded/DABODLPUPA/ffts/XC98211-small.png","//www.xeno-canto.org/sounds/uploaded/DABODLPUPA/ffts/XC98211-med.png","//www.xeno-canto.org/sounds/uploaded/DABODLPUPA/ffts/XC98211-large.png","//www.xeno-canto.org/sounds/uploaded/DABODLPUPA/ffts/XC98211-full.png","0:28","2012-04-06","Xiphorhynchus erythropygius","Song delivered from a low perch.","unknown","unknown",NA,NA,NA,NA,NA,NA,NA,NA
"51253","Phaethornis","syrmatophorus","","Tawny-bellied Hermit","David Geale","Colombia","Montezuma Peak Road, Pueblo Rico, Risaralda, W Andes - Tatama National Park","5.2431","-76.0964","Lek","//www.xeno-canto.org/51253/download","//creativecommons.org/licenses/by-nc-nd/2.5/","//www.xeno-canto.org/51253","B","14:50","2010-04-02","1550","//www.xeno-canto.org/sounds/uploaded/SBFBVYGIJC/ffts/XC51253-small.png","//www.xeno-canto.org/sounds/uploaded/SBFBVYGIJC/ffts/XC51253-med.png","//www.xeno-canto.org/sounds/uploaded/SBFBVYGIJC/ffts/XC51253-large.png","//www.xeno-canto.org/sounds/uploaded/SBFBVYGIJC/ffts/XC51253-full.png","1:00","2010-05-20",NA,"Lek active every time we walked by it (mid-mornings and mid-afternoons).","unknown","unknown","Phaethornis syrmatophorus","Myadestes ralloides",NA,NA,NA,NA,NA,NA
"39003","Phaethornis","syrmatophorus","","Tawny-bellied Hermit","Frank Lambert","Peru","ECOAN Lodge, Abra Patricia, San Martin","-5.671292","-77.758827","song","//www.xeno-canto.org/39003/download","//creativecommons.org/licenses/by-nc-nd/4.0/","//www.xeno-canto.org/39003","B","00:30","2008-05-17","1900","//www.xeno-canto.org/sounds/uploaded/YTUXOCTUEM/ffts/XC39003-small.png","//www.xeno-canto.org/sounds/uploaded/YTUXOCTUEM/ffts/XC39003-med.png","//www.xeno-canto.org/sounds/uploaded/YTUXOCTUEM/ffts/XC39003-large.png","//www.xeno-canto.org/sounds/uploaded/YTUXOCTUEM/ffts/XC39003-full.png","0:33","2009-09-21","","lekking  male","unknown","unknown",NA,NA,NA,NA,NA,NA,NA,NA
"28107","Phaethornis","syrmatophorus","","Tawny-bellied Hermit","David Geale","Peru","Abra Patricia, Amazonas","-5.8226","-77.8003","Lekking","//www.xeno-canto.org/28107/download","//creativecommons.org/licenses/by-nc-nd/2.5/","//www.xeno-canto.org/28107","B","12:10","2008-12-19","2000","//www.xeno-canto.org/sounds/uploaded/SBFBVYGIJC/ffts/XC28107-small.png","//www.xeno-canto.org/sounds/uploaded/SBFBVYGIJC/ffts/XC28107-med.png","//www.xeno-canto.org/sounds/uploaded/SBFBVYGIJC/ffts/XC28107-large.png","//www.xeno-canto.org/sounds/uploaded/SBFBVYGIJC/ffts/XC28107-full.png","0:41","2009-01-10","Turdus serranus","","unknown","unknown",NA,NA,NA,NA,NA,NA,NA,NA
"25435","Phaethornis","syrmatophorus","","Tawny-bellied Hermit","Myornis","Colombia","La Aurora, Galan, Yariguies, Santander","6.6389","-73.3892","Call","//www.xeno-canto.org/25435/download","//creativecommons.org/licenses/by-nc-sa/3.0/","//www.xeno-canto.org/25435","B","xx:xx","2005-07-00","2700","//www.xeno-canto.org/sounds/uploaded/OXSIOLJJUP/ffts/XC25435-small.png","//www.xeno-canto.org/sounds/uploaded/OXSIOLJJUP/ffts/XC25435-med.png","//www.xeno-canto.org/sounds/uploaded/OXSIOLJJUP/ffts/XC25435-large.png","//www.xeno-canto.org/sounds/uploaded/OXSIOLJJUP/ffts/XC25435-full.png","0:33","2008-12-06","Myiophobus flavicans","In hand distress call, but similar to calls given in field","unknown","unknown",NA,NA,NA,NA,NA,NA,NA,NA
"18369","Phaethornis","syrmatophorus","","Tawny-bellied Hermit","Herman van Oosten","Colombia","Near El Cairo, Choco",NA,NA,"song","//www.xeno-canto.org/18369/download","//creativecommons.org/licenses/by-nc-nd/2.5/","//www.xeno-canto.org/18369","B","08:45","2008-02-14","2100","//www.xeno-canto.org/sounds/uploaded/SNUDCZVUQK/ffts/XC18369-small.png","//www.xeno-canto.org/sounds/uploaded/SNUDCZVUQK/ffts/XC18369-med.png","//www.xeno-canto.org/sounds/uploaded/SNUDCZVUQK/ffts/XC18369-large.png","//www.xeno-canto.org/sounds/uploaded/SNUDCZVUQK/ffts/XC18369-full.png","0:39","2008-11-20","","Bird lekking whole day.","unknown","unknown",NA,NA,NA,NA,NA,NA,NA,NA
"4165","Phaethornis","syrmatophorus","","Tawny-bellied Hermit","Wouter Halfwerk","Ecuador","Mindo, Pichincha","-0.0523","-78.7764","song","//www.xeno-canto.org/4165/download","//creativecommons.org/licenses/by-nc-nd/2.5/","//www.xeno-canto.org/4165","B","16:30","2005-03-14","1300","//www.xeno-canto.org/sounds/uploaded/DGHUWNTDBO/ffts/XC4165-small.png","//www.xeno-canto.org/sounds/uploaded/DGHUWNTDBO/ffts/XC4165-med.png","//www.xeno-canto.org/sounds/uploaded/DGHUWNTDBO/ffts/XC4165-large.png","//www.xeno-canto.org/sounds/uploaded/DGHUWNTDBO/ffts/XC4165-full.png","0:11","2008-11-20","","trip:http://www.surfbirds.com/trip_report.php?id=835","unknown","unknown",NA,NA,NA,NA,NA,NA,NA,NA
"237867","Phaethornis","syrmatophorus","","Tawny-bellied Hermit","Oscar Humberto Marin-Gomez","Colombia","Parque Regional Barbas-Bremen, Filandia, Quindio. Sector Bremen-Buenos Aires","4.6683","-75.6275","song","//www.xeno-canto.org/237867/download","//creativecommons.org/licenses/by-nc-sa/4.0/","//www.xeno-canto.org/237867","C","06:20","2009-04-07","1900","//www.xeno-canto.org/sounds/uploaded/CSUHASNRSU/ffts/XC237867-small.png","//www.xeno-canto.org/sounds/uploaded/CSUHASNRSU/ffts/XC237867-med.png","//www.xeno-canto.org/sounds/uploaded/CSUHASNRSU/ffts/XC237867-large.png","//www.xeno-canto.org/sounds/uploaded/CSUHASNRSU/ffts/XC237867-full.png","0:59","2015-04-30",NA,"Two birds in Lek
Habitat: Understory of secondary forest near to stream
Weather: Sunny and clear
Code: OHM_056B_2054 Phaethornis syrmatophorus 
Equipment: Marantz PMD 222 with Sennheiser ME 66, TDK 60 SA-II","no","no","Myadestes ralloides","Euphonia xanthogaster",NA,NA,NA,NA,NA,NA
"164743","Phaethornis","syrmatophorus","","Tawny-bellied Hermit","Oswaldo Cortes","Colombia","Area natural el sutu Mistrato, Risaralda","5.3841","-75.8881","call","//www.xeno-canto.org/164743/download","//creativecommons.org/licenses/by-nc-sa/3.0/","//www.xeno-canto.org/164743","C","10:00","2014-01-11","1800","//www.xeno-canto.org/sounds/uploaded/VVDRVZCVWW/ffts/XC164743-small.png","//www.xeno-canto.org/sounds/uploaded/VVDRVZCVWW/ffts/XC164743-med.png","//www.xeno-canto.org/sounds/uploaded/VVDRVZCVWW/ffts/XC164743-large.png","//www.xeno-canto.org/sounds/uploaded/VVDRVZCVWW/ffts/XC164743-full.png","0:08","2014-01-16","","","yes","no",NA,NA,NA,NA,NA,NA,NA,NA
"10387","Phaethornis","syrmatophorus","","Tawny-bellied Hermit","Wouter Halfwerk","Ecuador","Mindo, Pichincha","-0.0523","-78.7764","call","//www.xeno-canto.org/10387/download","//creativecommons.org/licenses/by-nc-nd/2.5/","//www.xeno-canto.org/10387","C","9:00","2006-04-11","1500","//www.xeno-canto.org/sounds/uploaded/DGHUWNTDBO/ffts/XC10387-small.png","//www.xeno-canto.org/sounds/uploaded/DGHUWNTDBO/ffts/XC10387-med.png","//www.xeno-canto.org/sounds/uploaded/DGHUWNTDBO/ffts/XC10387-large.png","//www.xeno-canto.org/sounds/uploaded/DGHUWNTDBO/ffts/XC10387-full.png","0:01","2008-11-20","","","unknown","unknown",NA,NA,NA,NA,NA,NA,NA,NA
"144700","Phaethornis","koepckeae","","Koepcke's Hermit","Dan Lane","Peru","Tunnel in Cordillera Escalera, San Martin","-6.4515","-76.2909","call","//www.xeno-canto.org/144700/download","//creativecommons.org/licenses/by-nc-sa/3.0/","//www.xeno-canto.org/144700","A","06:30","2013-07-05","1100","//www.xeno-canto.org/sounds/uploaded/WOEAFQRMUD/ffts/XC144700-small.png","//www.xeno-canto.org/sounds/uploaded/WOEAFQRMUD/ffts/XC144700-med.png","//www.xeno-canto.org/sounds/uploaded/WOEAFQRMUD/ffts/XC144700-large.png","//www.xeno-canto.org/sounds/uploaded/WOEAFQRMUD/ffts/XC144700-full.png","0:09","2013-08-11",NA,"Natural calls from a bird as it approached me to investigate, then zipping away. Gully with dense humid vegetation near tunnel entrance in upper tropical forest.","yes","no","Arremon aurantiirostris","Euphonia xanthogaster",NA,NA,NA,NA,NA,NA
"47836","Phaethornis","koepckeae","","Koepcke's Hermit","Andrew Spencer","Peru","Tunnel near Tarapoto, San Martin","-6.3976","-76.3256","flight call","//www.xeno-canto.org/47836/download","//creativecommons.org/licenses/by-nc-nd/2.5/","//www.xeno-canto.org/47836","B","09:20","2009-12-23","1100","//www.xeno-canto.org/sounds/uploaded/CDTGHVBGZP/ffts/XC47836-small.png","//www.xeno-canto.org/sounds/uploaded/CDTGHVBGZP/ffts/XC47836-med.png","//www.xeno-canto.org/sounds/uploaded/CDTGHVBGZP/ffts/XC47836-large.png","//www.xeno-canto.org/sounds/uploaded/CDTGHVBGZP/ffts/XC47836-full.png","0:03","2010-04-21","","three flight calls from a bird flying away","unknown","unknown",NA,NA,NA,NA,NA,NA,NA,NA
"452953","Phaethornis","philippii","","Needle-billed Hermit","Jerome Fischer","Brazil","Reserva Natural Palmarí, Rio Javarí, AM","-4.2889","-70.2948","flight call","//www.xeno-canto.org/452953/download","//creativecommons.org/licenses/by-nc-sa/4.0/","//www.xeno-canto.org/452953","no score","10:30","2019-01-19","80","//www.xeno-canto.org/sounds/uploaded/JPBSNBUUEF/ffts/XC452953-small.png","//www.xeno-canto.org/sounds/uploaded/JPBSNBUUEF/ffts/XC452953-med.png","//www.xeno-canto.org/sounds/uploaded/JPBSNBUUEF/ffts/XC452953-large.png","//www.xeno-canto.org/sounds/uploaded/JPBSNBUUEF/ffts/XC452953-full.png","0:03","2019-01-21","","","yes","no",NA,NA,NA,NA,NA,NA,NA,NA
"440014","Phaethornis","philippii","","Needle-billed Hermit","Jerome Fischer","Brazil","Reserva Natural Palmarí, Rio Javarí, AM","-4.2889","-70.2948","song","//www.xeno-canto.org/440014/download","//creativecommons.org/licenses/by-nc-sa/4.0/","//www.xeno-canto.org/440014","no score","08:30","2018-10-23","80","//www.xeno-canto.org/sounds/uploaded/JPBSNBUUEF/ffts/XC440014-small.png","//www.xeno-canto.org/sounds/uploaded/JPBSNBUUEF/ffts/XC440014-med.png","//www.xeno-canto.org/sounds/uploaded/JPBSNBUUEF/ffts/XC440014-large.png","//www.xeno-canto.org/sounds/uploaded/JPBSNBUUEF/ffts/XC440014-full.png","0:19","2018-10-25","","","yes","no",NA,NA,NA,NA,NA,NA,NA,NA
"147400","Phaethornis","philippii","","Needle-billed Hermit","GABRIEL LEITE","Brazil","Itaituba, Para","-5.4957","-56.9861","call","//www.xeno-canto.org/147400/download","//creativecommons.org/licenses/by-nc-sa/3.0/","//www.xeno-canto.org/147400","A","11:30","2013-08-15","150","//www.xeno-canto.org/sounds/uploaded/TGBFXDVERJ/ffts/XC147400-small.png","//www.xeno-canto.org/sounds/uploaded/TGBFXDVERJ/ffts/XC147400-med.png","//www.xeno-canto.org/sounds/uploaded/TGBFXDVERJ/ffts/XC147400-large.png","//www.xeno-canto.org/sounds/uploaded/TGBFXDVERJ/ffts/XC147400-full.png","0:47","2013-09-13","","","yes","no",NA,NA,NA,NA,NA,NA,NA,NA
"119267","Phaethornis","philippii","","Needle-billed Hermit","GABRIEL LEITE","Brazil","Manicoré, Amazonas","-5.441","-62.0837","song","//www.xeno-canto.org/119267/download","//creativecommons.org/licenses/by-nc-sa/3.0/","//www.xeno-canto.org/119267","B","07:00","2012-10-24","60","//www.xeno-canto.org/sounds/uploaded/TGBFXDVERJ/ffts/XC119267-small.png","//www.xeno-canto.org/sounds/uploaded/TGBFXDVERJ/ffts/XC119267-med.png","//www.xeno-canto.org/sounds/uploaded/TGBFXDVERJ/ffts/XC119267-large.png","//www.xeno-canto.org/sounds/uploaded/TGBFXDVERJ/ffts/XC119267-full.png","0:17","2013-01-23","","","yes","no",NA,NA,NA,NA,NA,NA,NA,NA
"74023","Phaethornis","philippii","","Needle-billed Hermit","Joseph Tobias and Nathalie Seddon","Peru","CICRA, PE","-12.5692","-70.1001","song","//www.xeno-canto.org/74023/download","//creativecommons.org/licenses/by-nc-sa/3.0/","//www.xeno-canto.org/74023","B","07:45","2007-10-08","350","//www.xeno-canto.org/sounds/uploaded/IKMWQIXRNV/ffts/XC74023-small.png","//www.xeno-canto.org/sounds/uploaded/IKMWQIXRNV/ffts/XC74023-med.png","//www.xeno-canto.org/sounds/uploaded/IKMWQIXRNV/ffts/XC74023-large.png","//www.xeno-canto.org/sounds/uploaded/IKMWQIXRNV/ffts/XC74023-full.png","0:03","2011-03-23","","track T1399. Habitat: Carrizo/Terra firme. Weather: Cloudy, cool. Perch height: 1m. Distance to observer: 10m. Id-ed by: Voice. Sex of main vocalizer: ?. Number vocalizing: 1.","unknown","unknown",NA,NA,NA,NA,NA,NA,NA,NA
"74021","Phaethornis","philippii","","Needle-billed Hermit","Joseph Tobias and Nathalie Seddon","Peru","?",NA,NA,"song","//www.xeno-canto.org/74021/download","//creativecommons.org/licenses/by-nc-sa/3.0/","//www.xeno-canto.org/74021","B","?:?","2008-11-11","?","//www.xeno-canto.org/sounds/uploaded/IKMWQIXRNV/ffts/XC74021-small.png","//www.xeno-canto.org/sounds/uploaded/IKMWQIXRNV/ffts/XC74021-med.png","//www.xeno-canto.org/sounds/uploaded/IKMWQIXRNV/ffts/XC74021-large.png","//www.xeno-canto.org/sounds/uploaded/IKMWQIXRNV/ffts/XC74021-full.png","1:18","2011-03-23","","track T1829.","unknown","unknown",NA,NA,NA,NA,NA,NA,NA,NA
"20619","Phaethornis","philippii","","Needle-billed Hermit","Huw Lloyd","Peru","Manu Wildlife Centre, Madre de Dios ","-12.3992","-70.702","Song?","//www.xeno-canto.org/20619/download","//creativecommons.org/licenses/by-nc-nd/2.5/","//www.xeno-canto.org/20619","B","??:??","2004-09-00","320","//www.xeno-canto.org/sounds/uploaded/GVQLIFGMIY/ffts/XC20619-small.png","//www.xeno-canto.org/sounds/uploaded/GVQLIFGMIY/ffts/XC20619-med.png","//www.xeno-canto.org/sounds/uploaded/GVQLIFGMIY/ffts/XC20619-large.png","//www.xeno-canto.org/sounds/uploaded/GVQLIFGMIY/ffts/XC20619-full.png","0:35","2008-11-20","Formicarius analis","95% sure","unknown","unknown",NA,NA,NA,NA,NA,NA,NA,NA
"74024","Phaethornis","philippii","","Needle-billed Hermit","Joseph Tobias and Nathalie Seddon","Peru","?",NA,NA,"song","//www.xeno-canto.org/74024/download","//creativecommons.org/licenses/by-nc-sa/3.0/","//www.xeno-canto.org/74024","C","?:?","2007-11-10","?","//www.xeno-canto.org/sounds/uploaded/IKMWQIXRNV/ffts/XC74024-small.png","//www.xeno-canto.org/sounds/uploaded/IKMWQIXRNV/ffts/XC74024-med.png","//www.xeno-canto.org/sounds/uploaded/IKMWQIXRNV/ffts/XC74024-large.png","//www.xeno-canto.org/sounds/uploaded/IKMWQIXRNV/ffts/XC74024-full.png","1:32","2011-03-23","","track T1533.","unknown","unknown",NA,NA,NA,NA,NA,NA,NA,NA
"74022","Phaethornis","philippii","","Needle-billed Hermit","Joseph Tobias and Nathalie Seddon","Peru","CICRA, PE","-12.5692","-70.1001","song","//www.xeno-canto.org/74022/download","//creativecommons.org/licenses/by-nc-sa/3.0/","//www.xeno-canto.org/74022","C","06:15","2007-10-08","350","//www.xeno-canto.org/sounds/uploaded/IKMWQIXRNV/ffts/XC74022-small.png","//www.xeno-canto.org/sounds/uploaded/IKMWQIXRNV/ffts/XC74022-med.png","//www.xeno-canto.org/sounds/uploaded/IKMWQIXRNV/ffts/XC74022-large.png","//www.xeno-canto.org/sounds/uploaded/IKMWQIXRNV/ffts/XC74022-full.png","0:02","2011-03-23","","track T1394. Habitat: Carrizo/Terra firme. Weather: Cloudy, cool. Perch height: ?m. Distance to observer: ?m. Id-ed by: Voice. Sex of main vocalizer: ?. Number vocalizing: 1.","unknown","unknown",NA,NA,NA,NA,NA,NA,NA,NA
"478363","Phaethornis","bourcieri","","Straight-billed Hermit","Jerome Fischer","Ecuador","Parque Nacional Yasuní, Orellana","-0.4714","-76.4603","song","//www.xeno-canto.org/478363/download","//creativecommons.org/licenses/by-nc-sa/4.0/","//www.xeno-canto.org/478363","no score","10:00","2019-05-28","240","//www.xeno-canto.org/sounds/uploaded/JPBSNBUUEF/ffts/XC478363-small.png","//www.xeno-canto.org/sounds/uploaded/JPBSNBUUEF/ffts/XC478363-med.png","//www.xeno-canto.org/sounds/uploaded/JPBSNBUUEF/ffts/XC478363-large.png","//www.xeno-canto.org/sounds/uploaded/JPBSNBUUEF/ffts/XC478363-full.png","0:26","2019-06-02","","","yes","no",NA,NA,NA,NA,NA,NA,NA,NA
"437444","Phaethornis","bourcieri","bourcieri","Straight-billed Hermit","Guy Kirwan","Brazil","Ramal do Noca, Rio Branco, Acre","-9.9963","-68.2054","song","//www.xeno-canto.org/437444/download","//creativecommons.org/licenses/by-nc-sa/4.0/","//www.xeno-canto.org/437444","A","08:15","2018-08-02","200","//www.xeno-canto.org/sounds/uploaded/BZVYBRUAAE/ffts/XC437444-small.png","//www.xeno-canto.org/sounds/uploaded/BZVYBRUAAE/ffts/XC437444-med.png","//www.xeno-canto.org/sounds/uploaded/BZVYBRUAAE/ffts/XC437444-large.png","//www.xeno-canto.org/sounds/uploaded/BZVYBRUAAE/ffts/XC437444-full.png","1:20","2018-10-06","","Same individual/s as in XC431907. At small lek in heavily disturbed partial light gap with much dead bamboo; with the birds themselves centred around a fallen tree still with many side branches. Birds perched c. 1-1.2 m above ground.","yes","no",NA,NA,NA,NA,NA,NA,NA,NA
"431907","Phaethornis","bourcieri","","Straight-billed Hermit","GABRIEL LEITE","Brazil","Ramal do Noca, Rio Branco, Acre","-9.9963","-68.2054","song","//www.xeno-canto.org/431907/download","//creativecommons.org/licenses/by-nc-sa/4.0/","//www.xeno-canto.org/431907","A","08:00","2018-08-08","200","//www.xeno-canto.org/sounds/uploaded/TGBFXDVERJ/ffts/XC431907-small.png","//www.xeno-canto.org/sounds/uploaded/TGBFXDVERJ/ffts/XC431907-med.png","//www.xeno-canto.org/sounds/uploaded/TGBFXDVERJ/ffts/XC431907-large.png","//www.xeno-canto.org/sounds/uploaded/TGBFXDVERJ/ffts/XC431907-full.png","0:45","2018-08-23","","","yes","no",NA,NA,NA,NA,NA,NA,NA,NA
"421082","Phaethornis","bourcieri","bourcieri","Straight-billed Hermit","Brayan Coral Jaramillo","Colombia","Finca San Carlos, Vereda Peneya,  Puerto Asís, Putumayo","0.5362","-76.1808","song","//www.xeno-canto.org/421082/download","//creativecommons.org/licenses/by-nc-sa/4.0/","//www.xeno-canto.org/421082","A","10:30","2018-06-13","280","//www.xeno-canto.org/sounds/uploaded/WWJLCULTPC/ffts/XC421082-small.png","//www.xeno-canto.org/sounds/uploaded/WWJLCULTPC/ffts/XC421082-med.png","//www.xeno-canto.org/sounds/uploaded/WWJLCULTPC/ffts/XC421082-large.png","//www.xeno-canto.org/sounds/uploaded/WWJLCULTPC/ffts/XC421082-full.png","0:31","2018-06-19","Lipaugus vociferans","","yes","no",NA,NA,NA,NA,NA,NA,NA,NA
"420078","Phaethornis","bourcieri","","Straight-billed Hermit","Brice de la Croix","French Guiana","Roura, Beauséjour","4.7216","-52.3073","flight call","//www.xeno-canto.org/420078/download","//creativecommons.org/licenses/by-nc-sa/4.0/","//www.xeno-canto.org/420078","A","11:00","2018-05-20","110","//www.xeno-canto.org/sounds/uploaded/LNPOUHUARA/ffts/XC420078-small.png","//www.xeno-canto.org/sounds/uploaded/LNPOUHUARA/ffts/XC420078-med.png","//www.xeno-canto.org/sounds/uploaded/LNPOUHUARA/ffts/XC420078-large.png","//www.xeno-canto.org/sounds/uploaded/LNPOUHUARA/ffts/XC420078-full.png","0:18","2018-06-11","","","yes","no",NA,NA,NA,NA,NA,NA,NA,NA
"394429","Phaethornis","bourcieri","","Straight-billed Hermit","Phil Stouffer","Brazil","BDFFP, Amazonas state","-2.4042","-59.8673","song","//www.xeno-canto.org/394429/download","//creativecommons.org/licenses/by-nc-sa/4.0/","//www.xeno-canto.org/394429","A","?","1995-00-00","110","//www.xeno-canto.org/sounds/uploaded/QCRJBRYRWW/ffts/XC394429-small.png","//www.xeno-canto.org/sounds/uploaded/QCRJBRYRWW/ffts/XC394429-med.png","//www.xeno-canto.org/sounds/uploaded/QCRJBRYRWW/ffts/XC394429-large.png","//www.xeno-canto.org/sounds/uploaded/QCRJBRYRWW/ffts/XC394429-full.png","0:13","2017-11-28","","","unknown","no",NA,NA,NA,NA,NA,NA,NA,NA
"274956","Phaethornis","bourcieri","bourcieri","Straight-billed Hermit","Robert S. Ridgely","Ecuador","Orellana: 'Maxus' road km 37 (27 km SSE Pompeya)","-0.641","-76.461","song, perched male","//www.xeno-canto.org/274956/download","//creativecommons.org/licenses/by-nc-sa/4.0/","//www.xeno-canto.org/274956","A","?","1994-07-00","275","//www.xeno-canto.org/sounds/uploaded/XTVEPHMPPJ/ffts/XC274956-small.png","//www.xeno-canto.org/sounds/uploaded/XTVEPHMPPJ/ffts/XC274956-med.png","//www.xeno-canto.org/sounds/uploaded/XTVEPHMPPJ/ffts/XC274956-large.png","//www.xeno-canto.org/sounds/uploaded/XTVEPHMPPJ/ffts/XC274956-full.png","0:23","2015-08-28",NA,"<a href=http://johnvmoorenaturerecordings.com/pubs/ECUAD/main.htm>Moore et al. 2013: Bird Sounds of Ecuador DVD </a>","unknown","no","Ramphastos vitellinus","Myrmothera campanisona","Brotogeris cyanoptera",NA,NA,NA,NA,NA
"260457","Phaethornis","bourcieri","bourcieri","Straight-billed Hermit","Mitch Lysinger","Ecuador","Orellana: Right (s) bank Río Napo opposite 'La Selva Lodge' and 'Sacha Lodge'","-0.507","-76.457","song at lek","//www.xeno-canto.org/260457/download","//creativecommons.org/licenses/by-nc-sa/4.0/","//www.xeno-canto.org/260457","A","?","1995-01-25","235","//www.xeno-canto.org/sounds/uploaded/OWZTPLFLJS/ffts/XC260457-small.png","//www.xeno-canto.org/sounds/uploaded/OWZTPLFLJS/ffts/XC260457-med.png","//www.xeno-canto.org/sounds/uploaded/OWZTPLFLJS/ffts/XC260457-large.png","//www.xeno-canto.org/sounds/uploaded/OWZTPLFLJS/ffts/XC260457-full.png","0:50","2015-07-18",NA,"<a href=http://johnvmoorenaturerecordings.com/pubs/ECUAD/main.htm>Moore et al. 2013: Bird Sounds of Ecuador DVD </a>intervals shortened","unknown","yes","Geotrygon montana","Pachyramphus marginatus",NA,NA,NA,NA,NA,NA
"260456","Phaethornis","bourcieri","bourcieri","Straight-billed Hermit","Mitch Lysinger","Ecuador","Sucumbíos: 'La Selva Jungle Lodge', n bank Río Napo","-0.498","-76.373","song, male","//www.xeno-canto.org/260456/download","//creativecommons.org/licenses/by-nc-sa/4.0/","//www.xeno-canto.org/260456","A","?","1994-10-28","220","//www.xeno-canto.org/sounds/uploaded/OWZTPLFLJS/ffts/XC260456-small.png","//www.xeno-canto.org/sounds/uploaded/OWZTPLFLJS/ffts/XC260456-med.png","//www.xeno-canto.org/sounds/uploaded/OWZTPLFLJS/ffts/XC260456-large.png","//www.xeno-canto.org/sounds/uploaded/OWZTPLFLJS/ffts/XC260456-full.png","0:36","2015-07-18",NA,"<a href=http://johnvmoorenaturerecordings.com/pubs/ECUAD/main.htm>Moore et al. 2013: Bird Sounds of Ecuador DVD </a>Perched bird","unknown","no","Liosceles thoracicus","Melanerpes cruentatus",NA,NA,NA,NA,NA,NA
"257796","Phaethornis","bourcieri","bourcieri","Straight-billed Hermit","John V. Moore","Ecuador","Sucumbíos: Pañacocha, left (n) bank Río Napo","-0.398","-76.128","song, male","//www.xeno-canto.org/257796/download","//creativecommons.org/licenses/by-nc-sa/4.0/","//www.xeno-canto.org/257796","A","?","1995-12-00","230","//www.xeno-canto.org/sounds/uploaded/YKKDTZHLUU/ffts/XC257796-small.png","//www.xeno-canto.org/sounds/uploaded/YKKDTZHLUU/ffts/XC257796-med.png","//www.xeno-canto.org/sounds/uploaded/YKKDTZHLUU/ffts/XC257796-large.png","//www.xeno-canto.org/sounds/uploaded/YKKDTZHLUU/ffts/XC257796-full.png","0:34","2015-07-16","","<a href=http://johnvmoorenaturerecordings.com/pubs/ECUAD/main.htm>Moore et al. 2013: Bird Sounds of Ecuador DVD </a>Perched. Interval shortened","unknown","no",NA,NA,NA,NA,NA,NA,NA,NA
"238799","Phaethornis","bourcieri","bourcieri","Straight-billed Hermit","Niels Krabbe","Ecuador","Orellana: 'Maxus' road km 37 (27 km SSE Pompeya)","-0.641","-76.461","calls","//www.xeno-canto.org/238799/download","//creativecommons.org/licenses/by-nc-sa/3.0/","//www.xeno-canto.org/238799","A","11:30","1994-11-08","250","//www.xeno-canto.org/sounds/uploaded/XTVEPHMPPJ/ffts/XC238799-small.png","//www.xeno-canto.org/sounds/uploaded/XTVEPHMPPJ/ffts/XC238799-med.png","//www.xeno-canto.org/sounds/uploaded/XTVEPHMPPJ/ffts/XC238799-large.png","//www.xeno-canto.org/sounds/uploaded/XTVEPHMPPJ/ffts/XC238799-full.png","0:58","2015-05-01","","Perched. Tall, humid primary hill forest admixed with smaller patches of ""várzea"" in valleys. Reference: XCB 606-621, -628 (Phabou4). Krabbe & Nilsson (2003) (ISBN 90-75838-06-9).","yes","no",NA,NA,NA,NA,NA,NA,NA,NA
"238798","Phaethornis","bourcieri","bourcieri","Straight-billed Hermit","Niels Krabbe","Ecuador","Orellana: 'Maxus' road km 37 (27 km SSE Pompeya)","-0.641","-76.461","flight call","//www.xeno-canto.org/238798/download","//creativecommons.org/licenses/by-nc-sa/3.0/","//www.xeno-canto.org/238798","A","?","1994-10-28","250","//www.xeno-canto.org/sounds/uploaded/XTVEPHMPPJ/ffts/XC238798-small.png","//www.xeno-canto.org/sounds/uploaded/XTVEPHMPPJ/ffts/XC238798-med.png","//www.xeno-canto.org/sounds/uploaded/XTVEPHMPPJ/ffts/XC238798-large.png","//www.xeno-canto.org/sounds/uploaded/XTVEPHMPPJ/ffts/XC238798-full.png","0:12","2015-05-01","","Tall, humid primary hill forest admixed with smaller patches of ""várzea"" in valleys. Reference: LXXXVIIIA 37 (Phabou3). Krabbe & Nilsson (2003) (ISBN 90-75838-06-9). Filtered version on Moore et al. (2013) (http://johnvmoorenaturerecordings.com/pubs/ECUAD/main.htm).","yes","no",NA,NA,NA,NA,NA,NA,NA,NA
"238797","Phaethornis","bourcieri","bourcieri","Straight-billed Hermit","Niels Krabbe","Ecuador","Orellana: 'Maxus' road km 37 (27 km SSE Pompeya)","-0.641","-76.461","flight call","//www.xeno-canto.org/238797/download","//creativecommons.org/licenses/by-nc-sa/3.0/","//www.xeno-canto.org/238797","A","?","1994-07-11","250","//www.xeno-canto.org/sounds/uploaded/XTVEPHMPPJ/ffts/XC238797-small.png","//www.xeno-canto.org/sounds/uploaded/XTVEPHMPPJ/ffts/XC238797-med.png","//www.xeno-canto.org/sounds/uploaded/XTVEPHMPPJ/ffts/XC238797-large.png","//www.xeno-canto.org/sounds/uploaded/XTVEPHMPPJ/ffts/XC238797-full.png","0:04","2015-05-01","","Tall, humid primary hill forest admixed with smaller patches of ""várzea"" in valleys. Reference: LXXXIIB 420-421 (Phabou2). Krabbe & Nilsson (2003) (ISBN 90-75838-06-9). Filtered version on Moore et al. (2013) (http://johnvmoorenaturerecordings.com/pubs/ECUAD/main.htm).","yes","no",NA,NA,NA,NA,NA,NA,NA,NA
"94659","Phaethornis","bourcieri","","Straight-billed Hermit","Daniel Lane","Ecuador","Sacha Lodge, Sucumbios","-0.4714","-76.4603","song","//www.xeno-canto.org/94659/download","//creativecommons.org/licenses/by-nc-nd/2.5/","//www.xeno-canto.org/94659","A","07:45","2012-02-08","250","//www.xeno-canto.org/sounds/uploaded/WOEAFQRMUD/ffts/XC94659-small.png","//www.xeno-canto.org/sounds/uploaded/WOEAFQRMUD/ffts/XC94659-med.png","//www.xeno-canto.org/sounds/uploaded/WOEAFQRMUD/ffts/XC94659-large.png","//www.xeno-canto.org/sounds/uploaded/WOEAFQRMUD/ffts/XC94659-full.png","2:16","2012-02-13",NA,"Natural lekking song from a bird sitting about 2m up in moderate understory while fanning and vertically wagging tail. img:http://www.flickr.com/photos/8013969@N03/6865922041","unknown","unknown","Liosceles thoracicus","Herpsilochmus dugandi",NA,NA,NA,NA,NA,NA
"70343","Phaethornis","bourcieri","bourcieri","Straight-billed Hermit","Andrew Spencer","Ecuador","Yasuní Research Station, Parque Nacional Yasuní, Orellana","-0.6742","-76.3978","call","//www.xeno-canto.org/70343/download","//creativecommons.org/licenses/by-nc-nd/2.5/","//www.xeno-canto.org/70343","A","08:30","2011-01-07","250","//www.xeno-canto.org/sounds/uploaded/CDTGHVBGZP/ffts/XC70343-small.png","//www.xeno-canto.org/sounds/uploaded/CDTGHVBGZP/ffts/XC70343-med.png","//www.xeno-canto.org/sounds/uploaded/CDTGHVBGZP/ffts/XC70343-large.png","//www.xeno-canto.org/sounds/uploaded/CDTGHVBGZP/ffts/XC70343-full.png","0:08","2011-01-21","","calls from a bird that hovered in front of us","unknown","unknown",NA,NA,NA,NA,NA,NA,NA,NA
"56751","Phaethornis","bourcieri","bourcieri","Straight-billed Hermit","David Geale","Peru","Allpahuayo-Mishana Reserve, Loreto","-3.8334","-73.2501","Song","//www.xeno-canto.org/56751/download","//creativecommons.org/licenses/by-nc-nd/2.5/","//www.xeno-canto.org/56751","A","10:10","2010-05-30","150","//www.xeno-canto.org/sounds/uploaded/SBFBVYGIJC/ffts/XC56751-small.png","//www.xeno-canto.org/sounds/uploaded/SBFBVYGIJC/ffts/XC56751-med.png","//www.xeno-canto.org/sounds/uploaded/SBFBVYGIJC/ffts/XC56751-large.png","//www.xeno-canto.org/sounds/uploaded/SBFBVYGIJC/ffts/XC56751-full.png","1:59","2010-06-25","Phaethornis bourcieri","At lek","unknown","unknown",NA,NA,NA,NA,NA,NA,NA,NA
"5844","Phaethornis","bourcieri","","Straight-billed Hermit","Otte Ottema","Suriname","Bakhuys mountains","4.7301","-56.7701","song","//www.xeno-canto.org/5844/download","//creativecommons.org/licenses/by-nc-nd/2.5/","//www.xeno-canto.org/5844","A","?","2005-10-27","?","//www.xeno-canto.org/sounds/uploaded/ASEUAUOXZA/ffts/XC5844-small.png","//www.xeno-canto.org/sounds/uploaded/ASEUAUOXZA/ffts/XC5844-med.png","//www.xeno-canto.org/sounds/uploaded/ASEUAUOXZA/ffts/XC5844-large.png","//www.xeno-canto.org/sounds/uploaded/ASEUAUOXZA/ffts/XC5844-full.png","0:33","2008-11-20","","at lek. link:http://www.planktonik.com/birdingsuriname/","unknown","unknown",NA,NA,NA,NA,NA,NA,NA,NA
"491869","Phaethornis","bourcieri","","Straight-billed Hermit","Dante Buzzetti","Brazil","Rio Chandless,Parque Estadual Chandless,Manoel Urbano,Acre","-9.556","-70.053","song","//www.xeno-canto.org/491869/download","//creativecommons.org/licenses/by-nc-sa/4.0/","//www.xeno-canto.org/491869","B","13:32","2008-02-25","190","//www.xeno-canto.org/sounds/uploaded/YOXWKYFZAP/ffts/XC491869-small.png","//www.xeno-canto.org/sounds/uploaded/YOXWKYFZAP/ffts/XC491869-med.png","//www.xeno-canto.org/sounds/uploaded/YOXWKYFZAP/ffts/XC491869-large.png","//www.xeno-canto.org/sounds/uploaded/YOXWKYFZAP/ffts/XC491869-full.png","0:33","2019-08-09","","DCB 611-16b","no","no",NA,NA,NA,NA,NA,NA,NA,NA
"491863","Phaethornis","bourcieri","","Straight-billed Hermit","Dante Buzzetti","Brazil","Rio Chandless,Parque Estadual Chandless,Manoel Urbano,Acre","-9.556","-70.053","song","//www.xeno-canto.org/491863/download","//creativecommons.org/licenses/by-nc-sa/4.0/","//www.xeno-canto.org/491863","B","13:20","2008-02-25","190","//www.xeno-canto.org/sounds/uploaded/YOXWKYFZAP/ffts/XC491863-small.png","//www.xeno-canto.org/sounds/uploaded/YOXWKYFZAP/ffts/XC491863-med.png","//www.xeno-canto.org/sounds/uploaded/YOXWKYFZAP/ffts/XC491863-large.png","//www.xeno-canto.org/sounds/uploaded/YOXWKYFZAP/ffts/XC491863-full.png","1:12","2019-08-09","","DCB 611-14","no","no",NA,NA,NA,NA,NA,NA,NA,NA
"416544","Phaethornis","bourcieri","","Straight-billed Hermit","Juan Díaz Alván","Peru","Reserva Nacional Allpahuayo Mishana, km 28 carretera Iquitos Nauta, Loreto","-3.9777","-73.4258","song","//www.xeno-canto.org/416544/download","//creativecommons.org/licenses/by-nc-sa/4.0/","//www.xeno-canto.org/416544","B","09:00","2018-05-23","150","//www.xeno-canto.org/sounds/uploaded/KQVLEXDIUN/ffts/XC416544-small.png","//www.xeno-canto.org/sounds/uploaded/KQVLEXDIUN/ffts/XC416544-med.png","//www.xeno-canto.org/sounds/uploaded/KQVLEXDIUN/ffts/XC416544-large.png","//www.xeno-canto.org/sounds/uploaded/KQVLEXDIUN/ffts/XC416544-full.png","1:24","2018-05-24","","Se observó al ave en lek en bosque sobre tierra firme a 1.5 m del suelo aproximadamente","yes","no",NA,NA,NA,NA,NA,NA,NA,NA
"93978","Phaethornis","bourcieri","","Straight-billed Hermit","Daniel Lane","Ecuador","Sacha Lodge, Sucumbios","-0.4714","-76.4603","song","//www.xeno-canto.org/93978/download","//creativecommons.org/licenses/by-nc-nd/2.5/","//www.xeno-canto.org/93978","B","17:30","2007-02-16","250","//www.xeno-canto.org/sounds/uploaded/WOEAFQRMUD/ffts/XC93978-small.png","//www.xeno-canto.org/sounds/uploaded/WOEAFQRMUD/ffts/XC93978-med.png","//www.xeno-canto.org/sounds/uploaded/WOEAFQRMUD/ffts/XC93978-large.png","//www.xeno-canto.org/sounds/uploaded/WOEAFQRMUD/ffts/XC93978-full.png","1:35","2012-02-01",NA,"Natural song from a bird sitting 2m up in dense understory of humid transitional forest.","unknown","unknown","Ramphastos tucanus","Tyranneutes stolzmanni",NA,NA,NA,NA,NA,NA
"87243","Phaethornis","bourcieri","","Straight-billed Hermit","David Geale","Peru","ExplorNapo and ACTS, Loreto",NA,NA,"Call","//www.xeno-canto.org/87243/download","//creativecommons.org/licenses/by-nc-nd/2.5/","//www.xeno-canto.org/87243","B","12:06","2011-08-09","100","//www.xeno-canto.org/sounds/uploaded/SBFBVYGIJC/ffts/XC87243-small.png","//www.xeno-canto.org/sounds/uploaded/SBFBVYGIJC/ffts/XC87243-med.png","//www.xeno-canto.org/sounds/uploaded/SBFBVYGIJC/ffts/XC87243-large.png","//www.xeno-canto.org/sounds/uploaded/SBFBVYGIJC/ffts/XC87243-full.png","0:15","2011-09-07","","While feeding at unidentified red flowers in understory.","unknown","unknown",NA,NA,NA,NA,NA,NA,NA,NA
"47431","Phaethornis","bourcieri","","Straight-billed Hermit","Andrew Spencer","Peru","Allpahuayo-Mishana Reserve, Loreto","-3.8334","-73.2501","song","//www.xeno-canto.org/47431/download","//creativecommons.org/licenses/by-nc-nd/2.5/","//www.xeno-canto.org/47431","B","11:00","2009-12-27","150","//www.xeno-canto.org/sounds/uploaded/CDTGHVBGZP/ffts/XC47431-small.png","//www.xeno-canto.org/sounds/uploaded/CDTGHVBGZP/ffts/XC47431-med.png","//www.xeno-canto.org/sounds/uploaded/CDTGHVBGZP/ffts/XC47431-large.png","//www.xeno-canto.org/sounds/uploaded/CDTGHVBGZP/ffts/XC47431-full.png","0:12","2010-04-19","","song from a lekking bird","unknown","unknown",NA,NA,NA,NA,NA,NA,NA,NA
"17845","Phaethornis","bourcieri","bourcieri","Straight-billed Hermit","Andrew Spencer","Ecuador","Yasuní Research Station, Parque Nacional Yasuní, Orellana","-0.6742","-76.3978","call","//www.xeno-canto.org/17845/download","//creativecommons.org/licenses/by-nc-nd/2.5/","//www.xeno-canto.org/17845","B","13:50","2008-01-08","280","//www.xeno-canto.org/sounds/uploaded/CDTGHVBGZP/ffts/XC17845-small.png","//www.xeno-canto.org/sounds/uploaded/CDTGHVBGZP/ffts/XC17845-med.png","//www.xeno-canto.org/sounds/uploaded/CDTGHVBGZP/ffts/XC17845-large.png","//www.xeno-canto.org/sounds/uploaded/CDTGHVBGZP/ffts/XC17845-full.png","0:02","2008-11-20","","calls from a bird as it flew away","unknown","unknown",NA,NA,NA,NA,NA,NA,NA,NA
"421011","Phaethornis","bourcieri","bourcieri","Straight-billed Hermit","Brayan Coral Jaramillo","Colombia","Finca Larandia, Vereda Peneya, Puerto Asís, Putumayo","0.5292","-76.2148","song","//www.xeno-canto.org/421011/download","//creativecommons.org/licenses/by-nc-sa/4.0/","//www.xeno-canto.org/421011","C","09:30","2018-06-11","280","//www.xeno-canto.org/sounds/uploaded/WWJLCULTPC/ffts/XC421011-small.png","//www.xeno-canto.org/sounds/uploaded/WWJLCULTPC/ffts/XC421011-med.png","//www.xeno-canto.org/sounds/uploaded/WWJLCULTPC/ffts/XC421011-large.png","//www.xeno-canto.org/sounds/uploaded/WWJLCULTPC/ffts/XC421011-full.png","0:23","2018-06-19","","","yes","no",NA,NA,NA,NA,NA,NA,NA,NA
"238801","Phaethornis","bourcieri","bourcieri","Straight-billed Hermit","Niels Krabbe","Ecuador","Morona-Santiago: e-slope Cord. de Cutucú: Unnsuants","-2.55","-77.9","call","//www.xeno-canto.org/238801/download","//creativecommons.org/licenses/by-nc-sa/3.0/","//www.xeno-canto.org/238801","C","7:20","2002-01-23","650","//www.xeno-canto.org/sounds/uploaded/XTVEPHMPPJ/ffts/XC238801-small.png","//www.xeno-canto.org/sounds/uploaded/XTVEPHMPPJ/ffts/XC238801-med.png","//www.xeno-canto.org/sounds/uploaded/XTVEPHMPPJ/ffts/XC238801-large.png","//www.xeno-canto.org/sounds/uploaded/XTVEPHMPPJ/ffts/XC238801-full.png","0:12","2015-05-01","","In flight. Humid forest. Reference: B: 565, 567, 574 (Phaboux2). Krabbe & Nilsson (2003) (ISBN 90-75838-06-9).","yes","no",NA,NA,NA,NA,NA,NA,NA,NA
"238800","Phaethornis","bourcieri","bourcieri","Straight-billed Hermit","Niels Krabbe","Ecuador","Morona-Santiago: e-slope Cord. de Cutucú: Unnsuants","-2.55","-77.9","flight call","//www.xeno-canto.org/238800/download","//creativecommons.org/licenses/by-nc-sa/3.0/","//www.xeno-canto.org/238800","C","6:45","2002-01-22","650","//www.xeno-canto.org/sounds/uploaded/XTVEPHMPPJ/ffts/XC238800-small.png","//www.xeno-canto.org/sounds/uploaded/XTVEPHMPPJ/ffts/XC238800-med.png","//www.xeno-canto.org/sounds/uploaded/XTVEPHMPPJ/ffts/XC238800-large.png","//www.xeno-canto.org/sounds/uploaded/XTVEPHMPPJ/ffts/XC238800-full.png","0:06","2015-05-01","","Humid forest. Reference: B: 564 (Phaboux1). Krabbe & Nilsson (2003) (ISBN 90-75838-06-9).","yes","no",NA,NA,NA,NA,NA,NA,NA,NA
"119296","Phaethornis","bourcieri","","Straight-billed Hermit","GABRIEL LEITE","Brazil","Presidente Figueiredo, Amazonas","-1.8097","-59.6667","flight call","//www.xeno-canto.org/119296/download","//creativecommons.org/licenses/by-nc-sa/3.0/","//www.xeno-canto.org/119296","C","11:00","2010-09-30","40","//www.xeno-canto.org/sounds/uploaded/TGBFXDVERJ/ffts/XC119296-small.png","//www.xeno-canto.org/sounds/uploaded/TGBFXDVERJ/ffts/XC119296-med.png","//www.xeno-canto.org/sounds/uploaded/TGBFXDVERJ/ffts/XC119296-large.png","//www.xeno-canto.org/sounds/uploaded/TGBFXDVERJ/ffts/XC119296-full.png","0:16","2013-01-23","","","yes","no",NA,NA,NA,NA,NA,NA,NA,NA
"87244","Phaethornis","bourcieri","","Straight-billed Hermit","David Geale","Peru","ExplorNapo and ACTS, Loreto",NA,NA,"Song","//www.xeno-canto.org/87244/download","//creativecommons.org/licenses/by-nc-nd/2.5/","//www.xeno-canto.org/87244","C","9:03","2011-08-10","100","//www.xeno-canto.org/sounds/uploaded/SBFBVYGIJC/ffts/XC87244-small.png","//www.xeno-canto.org/sounds/uploaded/SBFBVYGIJC/ffts/XC87244-med.png","//www.xeno-canto.org/sounds/uploaded/SBFBVYGIJC/ffts/XC87244-large.png","//www.xeno-canto.org/sounds/uploaded/SBFBVYGIJC/ffts/XC87244-full.png","0:45","2011-09-07",NA,"Lek in terra firme","unknown","unknown","Phaethornis bourcieri","Liosceles thoracicus",NA,NA,NA,NA,NA,NA
"75179","Phaethornis","bourcieri","","Straight-billed Hermit","Daniel Lane","Suriname","Brownsberg","4.9301","-55.2101","song","//www.xeno-canto.org/75179/download","//creativecommons.org/licenses/by-nc-sa/3.0/","//www.xeno-canto.org/75179","C","08:00","2011-03-17","450","//www.xeno-canto.org/sounds/uploaded/WOEAFQRMUD/ffts/XC75179-small.png","//www.xeno-canto.org/sounds/uploaded/WOEAFQRMUD/ffts/XC75179-med.png","//www.xeno-canto.org/sounds/uploaded/WOEAFQRMUD/ffts/XC75179-large.png","//www.xeno-canto.org/sounds/uploaded/WOEAFQRMUD/ffts/XC75179-full.png","0:48","2011-04-06","Frederickena viridis","Natural song from unseen individual (ID not confirmed). Perched in understory of humid terra firme forest upslope from road.","unknown","unknown",NA,NA,NA,NA,NA,NA,NA,NA
"6600","Phaethornis","bourcieri","bourcieri","Straight-billed Hermit","Nick Athanas","Ecuador","Sacha Lodge, Rio Napo, Orellana","-0.4714","-76.4603","lekking","//www.xeno-canto.org/6600/download","//creativecommons.org/licenses/by-nc-sa/3.0/","//www.xeno-canto.org/6600","C","07:00","2003-09-22","250","//www.xeno-canto.org/sounds/uploaded/XRABICUARW/ffts/XC6600-small.png","//www.xeno-canto.org/sounds/uploaded/XRABICUARW/ffts/XC6600-med.png","//www.xeno-canto.org/sounds/uploaded/XRABICUARW/ffts/XC6600-large.png","//www.xeno-canto.org/sounds/uploaded/XRABICUARW/ffts/XC6600-full.png","0:22","2008-11-20",NA,"One bird singing at lek.","unknown","unknown","Momotus momota","Querula purpurata","Thamnomanes ardesiacus",NA,NA,NA,NA,NA
"227568","Phaethornis","bourcieri","","Straight-billed Hermit","Peter Boesman","Ecuador","Gareno Lodge, Napo","-1.035","-77.399","call","//www.xeno-canto.org/227568/download","//creativecommons.org/licenses/by-nc-nd/4.0/","//www.xeno-canto.org/227568","D","16:00","2006-02-17","","//www.xeno-canto.org/sounds/uploaded/OOECIWCSWV/ffts/XC227568-small.png","//www.xeno-canto.org/sounds/uploaded/OOECIWCSWV/ffts/XC227568-med.png","//www.xeno-canto.org/sounds/uploaded/OOECIWCSWV/ffts/XC227568-large.png","//www.xeno-canto.org/sounds/uploaded/OOECIWCSWV/ffts/XC227568-full.png","0:04","2015-03-23","","ID certainty 100%. (Archiv. tape 192 side B track 48 seq. A)","unknown","unknown",NA,NA,NA,NA,NA,NA,NA,NA
"343326","Phaethornis","anthophilus","","Pale-bellied Hermit","Andres Angulo","Colombia","Distracción, La Guajira","10.9737","-72.9631","call","//www.xeno-canto.org/343326/download","//creativecommons.org/licenses/by-nc-sa/4.0/","//www.xeno-canto.org/343326","no score","10:30","2016-07-02","500","//www.xeno-canto.org/sounds/uploaded/CJQNNUYOQE/ffts/XC343326-small.png","//www.xeno-canto.org/sounds/uploaded/CJQNNUYOQE/ffts/XC343326-med.png","//www.xeno-canto.org/sounds/uploaded/CJQNNUYOQE/ffts/XC343326-large.png","//www.xeno-canto.org/sounds/uploaded/CJQNNUYOQE/ffts/XC343326-full.png","4:05","2016-11-19","Cyanocorax affinis","A single individual perched on a small tree. Recording ditance was 3 meters.","yes","no",NA,NA,NA,NA,NA,NA,NA,NA
"110638","Phaethornis","anthophilus","","Pale-bellied Hermit","Ken Allaire","Panama","Isla del Rey, Islas Perlas, Panama",NA,NA,"song","//www.xeno-canto.org/110638/download","//creativecommons.org/licenses/by-nc-nd/2.5/","//www.xeno-canto.org/110638","no score","12:30","2011-12-17","20","//www.xeno-canto.org/sounds/uploaded/AEWPPXBBYE/ffts/XC110638-small.png","//www.xeno-canto.org/sounds/uploaded/AEWPPXBBYE/ffts/XC110638-med.png","//www.xeno-canto.org/sounds/uploaded/AEWPPXBBYE/ffts/XC110638-large.png","//www.xeno-canto.org/sounds/uploaded/AEWPPXBBYE/ffts/XC110638-full.png","0:29","2012-10-05","","A lekking bird, some wind noise cut","unknown","unknown",NA,NA,NA,NA,NA,NA,NA,NA
"353928","Phaethornis","anthophilus","","Pale-bellied Hermit","Ross Gallardy","Colombia","El Paujil ProAves Reserve, Santander","6.0498","-74.2614","call","//www.xeno-canto.org/353928/download","//creativecommons.org/licenses/by-nc-sa/4.0/","//www.xeno-canto.org/353928","A","06:30","2016-12-27","190","//www.xeno-canto.org/sounds/uploaded/FNIOJOZADD/ffts/XC353928-small.png","//www.xeno-canto.org/sounds/uploaded/FNIOJOZADD/ffts/XC353928-med.png","//www.xeno-canto.org/sounds/uploaded/FNIOJOZADD/ffts/XC353928-large.png","//www.xeno-canto.org/sounds/uploaded/FNIOJOZADD/ffts/XC353928-full.png","0:14","2017-02-02","","","yes","no",NA,NA,NA,NA,NA,NA,NA,NA
"245308","Phaethornis","anthophilus","","Pale-bellied Hermit","Oscar Humberto Marín Gómez","Colombia","Bosque El Algarrobo, Vereda San Pedro, Tamara, Casanare","5.76","-72.2","distress call","//www.xeno-canto.org/245308/download","//creativecommons.org/licenses/by-nc-sa/3.0/","//www.xeno-canto.org/245308","A","07:00","2015-03-24","560","//www.xeno-canto.org/sounds/uploaded/CSUHASNRSU/ffts/XC245308-small.png","//www.xeno-canto.org/sounds/uploaded/CSUHASNRSU/ffts/XC245308-med.png","//www.xeno-canto.org/sounds/uploaded/CSUHASNRSU/ffts/XC245308-large.png","//www.xeno-canto.org/sounds/uploaded/CSUHASNRSU/ffts/XC245308-full.png","0:47","2015-05-23","","Capturado en red de niebla. ID accurancy: 100%. Habitat: Bosque de Vega. Distance to mic: 1 m. Tascam DR-100MKII. Reference: 150324_2178.","yes","no",NA,NA,NA,NA,NA,NA,NA,NA
"148052","Phaethornis","anthophilus","","Pale-bellied Hermit","Gary Stiles (Colección de Sonidos Ambientales - Instituto Humboldt)","Colombia","Arauca, Arauca, Caño Limón","6.95","-71","call","//www.xeno-canto.org/148052/download","//creativecommons.org/licenses/by-nc-sa/3.0/","//www.xeno-canto.org/148052","A","?","1991-05-26","","//www.xeno-canto.org/sounds/uploaded/XMFDPACYJN/ffts/XC148052-small.png","//www.xeno-canto.org/sounds/uploaded/XMFDPACYJN/ffts/XC148052-med.png","//www.xeno-canto.org/sounds/uploaded/XMFDPACYJN/ffts/XC148052-large.png","//www.xeno-canto.org/sounds/uploaded/XMFDPACYJN/ffts/XC148052-full.png","1:37","2013-09-22","","IAvH-CSA 10663

To obtain a wav file of the original recording, please contact csa@humboldt.org.co","yes","no",NA,NA,NA,NA,NA,NA,NA,NA
"127603","Phaethornis","anthophilus","","Pale-bellied Hermit","Oswaldo Cortes","Colombia","Puerto Lopez, Meta","4.1809","-72.9136","song","//www.xeno-canto.org/127603/download","//creativecommons.org/licenses/by-nc-sa/3.0/","//www.xeno-canto.org/127603","A","03:30","2013-03-05","170","//www.xeno-canto.org/sounds/uploaded/VVDRVZCVWW/ffts/XC127603-small.png","//www.xeno-canto.org/sounds/uploaded/VVDRVZCVWW/ffts/XC127603-med.png","//www.xeno-canto.org/sounds/uploaded/VVDRVZCVWW/ffts/XC127603-large.png","//www.xeno-canto.org/sounds/uploaded/VVDRVZCVWW/ffts/XC127603-full.png","0:30","2013-03-28","Ramphastos tucanus","","yes","no",NA,NA,NA,NA,NA,NA,NA,NA
"360334","Phaethornis","anthophilus","anthophilus","Pale-bellied Hermit","Hans Matheve","Panama","Cerro Pirre (lower)","8.0196","-77.7324","call","//www.xeno-canto.org/360334/download","//creativecommons.org/licenses/by-nc-nd/4.0/","//www.xeno-canto.org/360334","B","?","2016-12-11","90","//www.xeno-canto.org/sounds/uploaded/VROUALCTKG/ffts/XC360334-small.png","//www.xeno-canto.org/sounds/uploaded/VROUALCTKG/ffts/XC360334-med.png","//www.xeno-canto.org/sounds/uploaded/VROUALCTKG/ffts/XC360334-large.png","//www.xeno-canto.org/sounds/uploaded/VROUALCTKG/ffts/XC360334-full.png","0:09","2017-03-19","","","yes","unknown",NA,NA,NA,NA,NA,NA,NA,NA
"245221","Phaethornis","anthophilus","","Pale-bellied Hermit","Oscar Humberto Marín Gómez","Colombia","Bosque El Algarrobo, Vereda San Pedro, Tamara, Casanare","5.76","-72.2","aggressive call","//www.xeno-canto.org/245221/download","//creativecommons.org/licenses/by-nc-sa/3.0/","//www.xeno-canto.org/245221","B","07:15","2015-03-21","560","//www.xeno-canto.org/sounds/uploaded/CSUHASNRSU/ffts/XC245221-small.png","//www.xeno-canto.org/sounds/uploaded/CSUHASNRSU/ffts/XC245221-med.png","//www.xeno-canto.org/sounds/uploaded/CSUHASNRSU/ffts/XC245221-large.png","//www.xeno-canto.org/sounds/uploaded/CSUHASNRSU/ffts/XC245221-full.png","0:07","2015-05-23","","Dos individuos persiguiendose en el sotobosque. ID accurancy: 100%. Habitat: Sotobosque de Bosque secundario. Distance to mic: 10 m. Tascam DR-100MKII, Sennheiser ME66.Reference:150321_2089A","yes","no",NA,NA,NA,NA,NA,NA,NA,NA
"14592","Phaethornis","anthophilus","","Pale-bellied Hermit","Oswaldo Cortes","Colombia","Arbalaez (Cundinamarca), en la finca El Placer","4.01","-74.01","song","//www.xeno-canto.org/14592/download","//creativecommons.org/licenses/by-nc-nd/2.5/","//www.xeno-canto.org/14592","B","08:20","2005-11-18","1950","//www.xeno-canto.org/sounds/uploaded/VVDRVZCVWW/ffts/XC14592-small.png","//www.xeno-canto.org/sounds/uploaded/VVDRVZCVWW/ffts/XC14592-med.png","//www.xeno-canto.org/sounds/uploaded/VVDRVZCVWW/ffts/XC14592-large.png","//www.xeno-canto.org/sounds/uploaded/VVDRVZCVWW/ffts/XC14592-full.png","0:30","2008-11-20","Pitangus sulphuratus","Vocalizando en flores de Heliconia sp","unknown","unknown",NA,NA,NA,NA,NA,NA,NA,NA
"245431","Phaethornis","anthophilus","","Pale-bellied Hermit","Oscar Humberto Marín Gómez","Colombia","Finca La Fortuna, Vereda Caribabare, Tame, Arauca","6.28","-71.78","flight call","//www.xeno-canto.org/245431/download","//creativecommons.org/licenses/by-nc-sa/3.0/","//www.xeno-canto.org/245431","C","08:35","2015-03-31","295","//www.xeno-canto.org/sounds/uploaded/CSUHASNRSU/ffts/XC245431-small.png","//www.xeno-canto.org/sounds/uploaded/CSUHASNRSU/ffts/XC245431-med.png","//www.xeno-canto.org/sounds/uploaded/CSUHASNRSU/ffts/XC245431-large.png","//www.xeno-canto.org/sounds/uploaded/CSUHASNRSU/ffts/XC245431-full.png","0:05","2015-05-23","","ID accurancy: 100%. Habitat: Understory of mature forest. Distance to mic: 20 m. Tascam DR-100MKII, Sennheiser ME66. Reference: 150331_2249","yes","no",NA,NA,NA,NA,NA,NA,NA,NA
"78842","Phaethornis","anthophilus","","Pale-bellied Hermit","Oswaldo Cortes","Colombia","desierto de la Tatacoa_Huila",NA,NA,"song","//www.xeno-canto.org/78842/download","//creativecommons.org/licenses/by-nc-nd/2.5/","//www.xeno-canto.org/78842","C","08:00","2011-05-25","700","//www.xeno-canto.org/sounds/uploaded/VVDRVZCVWW/ffts/XC78842-small.png","//www.xeno-canto.org/sounds/uploaded/VVDRVZCVWW/ffts/XC78842-med.png","//www.xeno-canto.org/sounds/uploaded/VVDRVZCVWW/ffts/XC78842-large.png","//www.xeno-canto.org/sounds/uploaded/VVDRVZCVWW/ffts/XC78842-full.png","0:15","2011-05-28","","","unknown","unknown",NA,NA,NA,NA,NA,NA,NA,NA
"78841","Phaethornis","anthophilus","","Pale-bellied Hermit","Oswaldo Cortes","Colombia","desierto de la Tatacoa_Huila",NA,NA,"song","//www.xeno-canto.org/78841/download","//creativecommons.org/licenses/by-nc-nd/2.5/","//www.xeno-canto.org/78841","D","08:00","2011-05-25","700","//www.xeno-canto.org/sounds/uploaded/VVDRVZCVWW/ffts/XC78841-small.png","//www.xeno-canto.org/sounds/uploaded/VVDRVZCVWW/ffts/XC78841-med.png","//www.xeno-canto.org/sounds/uploaded/VVDRVZCVWW/ffts/XC78841-large.png","//www.xeno-canto.org/sounds/uploaded/VVDRVZCVWW/ffts/XC78841-full.png","1:35","2011-05-28","","","unknown","unknown",NA,NA,NA,NA,NA,NA,NA,NA
"483813","Phaethornis","eurynome","","Scale-throated Hermit","Rosendo Manuel Fraga","Argentina","Reserva Esmeralda, Guaraní, Misiónes","-26.8071","-54.1043","call, female, male, song","//www.xeno-canto.org/483813/download","//creativecommons.org/licenses/by-nc-sa/4.0/","//www.xeno-canto.org/483813","no score","07:30","2004-11-26","400","//www.xeno-canto.org/sounds/uploaded/JQSYKZHEMB/ffts/XC483813-small.png","//www.xeno-canto.org/sounds/uploaded/JQSYKZHEMB/ffts/XC483813-med.png","//www.xeno-canto.org/sounds/uploaded/JQSYKZHEMB/ffts/XC483813-large.png","//www.xeno-canto.org/sounds/uploaded/JQSYKZHEMB/ffts/XC483813-full.png","0:22","2019-06-29","","Songs or calls of hermit hummingbirds of unknown sex. Feeding on the flowers of ""peine de mono"", a bignoniaceous vine (Ampilophium cynanchoides).","yes","no",NA,NA,NA,NA,NA,NA,NA,NA
"472439","Phaethornis","eurynome","","Scale-throated Hermit","Ricardo Gagliardi","Brazil","Estação Ecológica de Bananal, Bananal, São Paulo","-22.7968","-44.3933","song","//www.xeno-canto.org/472439/download","//creativecommons.org/licenses/by-nc-sa/4.0/","//www.xeno-canto.org/472439","no score","08:56","2015-01-03","1400","//www.xeno-canto.org/sounds/uploaded/YRDADNREOP/ffts/XC472439-small.png","//www.xeno-canto.org/sounds/uploaded/YRDADNREOP/ffts/XC472439-med.png","//www.xeno-canto.org/sounds/uploaded/YRDADNREOP/ffts/XC472439-large.png","//www.xeno-canto.org/sounds/uploaded/YRDADNREOP/ffts/XC472439-full.png","0:51","2019-05-10","","","yes","no",NA,NA,NA,NA,NA,NA,NA,NA
"173957","Phaethornis","eurynome","","Scale-throated Hermit","Douglas Meyer","Brazil","Vidal Ramos, Santa Catarina","-27.3536","-49.348","song","//www.xeno-canto.org/173957/download","//creativecommons.org/licenses/by-nc-sa/4.0/","//www.xeno-canto.org/173957","no score","13:28","2011-08-16","400","//www.xeno-canto.org/sounds/uploaded/MNENFHYTAE/ffts/XC173957-small.png","//www.xeno-canto.org/sounds/uploaded/MNENFHYTAE/ffts/XC173957-med.png","//www.xeno-canto.org/sounds/uploaded/MNENFHYTAE/ffts/XC173957-large.png","//www.xeno-canto.org/sounds/uploaded/MNENFHYTAE/ffts/XC173957-full.png","0:20","2014-04-12","","","yes","no",NA,NA,NA,NA,NA,NA,NA,NA
"113217","Phaethornis","eurynome","","Scale-throated Hermit","Eduardo D. Schultz","Brazil","Ilhabela, São Paulo","-23.8312","-45.3495","song","//www.xeno-canto.org/113217/download","//creativecommons.org/licenses/by-nc-sa/3.0/","//www.xeno-canto.org/113217","no score","08:30","2012-09-08","190","//www.xeno-canto.org/sounds/uploaded/QYOZQITVAC/ffts/XC113217-small.png","//www.xeno-canto.org/sounds/uploaded/QYOZQITVAC/ffts/XC113217-med.png","//www.xeno-canto.org/sounds/uploaded/QYOZQITVAC/ffts/XC113217-large.png","//www.xeno-canto.org/sounds/uploaded/QYOZQITVAC/ffts/XC113217-full.png","0:25","2012-11-23","","Dense primary forest","yes","no",NA,NA,NA,NA,NA,NA,NA,NA
"497416","Phaethornis","eurynome","","Scale-throated Hermit","Ciro Albano","Brazil","Mata do Charme, Boa Nova-BA, Bahia","-14.4123","-40.1287","song","//www.xeno-canto.org/497416/download","//creativecommons.org/licenses/by-nc-sa/4.0/","//www.xeno-canto.org/497416","A","08:30","2019-08-30","800","//www.xeno-canto.org/sounds/uploaded/MXVQPUKGWW/ffts/XC497416-small.png","//www.xeno-canto.org/sounds/uploaded/MXVQPUKGWW/ffts/XC497416-med.png","//www.xeno-canto.org/sounds/uploaded/MXVQPUKGWW/ffts/XC497416-large.png","//www.xeno-canto.org/sounds/uploaded/MXVQPUKGWW/ffts/XC497416-full.png","0:18","2019-09-16","","","yes","no",NA,NA,NA,NA,NA,NA,NA,NA
"481899","Phaethornis","eurynome","","Scale-throated Hermit","Victor Antonelli","Brazil","Jundiaí, São Paulo","-23.2314","-46.9359","call, flight call","//www.xeno-canto.org/481899/download","//creativecommons.org/licenses/by-nc-sa/4.0/","//www.xeno-canto.org/481899","A","09:30","2019-05-21","1000","//www.xeno-canto.org/sounds/uploaded/KHIYVJPVWX/ffts/XC481899-small.png","//www.xeno-canto.org/sounds/uploaded/KHIYVJPVWX/ffts/XC481899-med.png","//www.xeno-canto.org/sounds/uploaded/KHIYVJPVWX/ffts/XC481899-large.png","//www.xeno-canto.org/sounds/uploaded/KHIYVJPVWX/ffts/XC481899-full.png","0:16","2019-06-17","","","yes","no",NA,NA,NA,NA,NA,NA,NA,NA
"469309","Phaethornis","eurynome","","Scale-throated Hermit","JAYRSON ARAUJO DE OLIVEIRA","Brazil","Antonina, Parana Pousada Vila Flor Sede Orninthos","-25.4481","-48.7635","song","//www.xeno-canto.org/469309/download","//creativecommons.org/licenses/by-nc-sa/4.0/","//www.xeno-canto.org/469309","A","8:00","2019-04-16","70","//www.xeno-canto.org/sounds/uploaded/LXKLWEDKEM/ffts/XC469309-small.png","//www.xeno-canto.org/sounds/uploaded/LXKLWEDKEM/ffts/XC469309-med.png","//www.xeno-canto.org/sounds/uploaded/LXKLWEDKEM/ffts/XC469309-large.png","//www.xeno-canto.org/sounds/uploaded/LXKLWEDKEM/ffts/XC469309-full.png","0:08","2019-04-28","","","yes","no",NA,NA,NA,NA,NA,NA,NA,NA
"464544","Phaethornis","eurynome","","Scale-throated Hermit","Marcelo J Feliti","Brazil","Paranapiacaba,Santo André, São Paulo State","-23.7745","-46.3021","song","//www.xeno-canto.org/464544/download","//creativecommons.org/licenses/by-nc-sa/4.0/","//www.xeno-canto.org/464544","A","09:00","2019-04-01","850","//www.xeno-canto.org/sounds/uploaded/DJHLXVSKSM/ffts/XC464544-small.png","//www.xeno-canto.org/sounds/uploaded/DJHLXVSKSM/ffts/XC464544-med.png","//www.xeno-canto.org/sounds/uploaded/DJHLXVSKSM/ffts/XC464544-large.png","//www.xeno-canto.org/sounds/uploaded/DJHLXVSKSM/ffts/XC464544-full.png","0:36","2019-04-02","","","yes","no",NA,NA,NA,NA,NA,NA,NA,NA
"435615","Phaethornis","eurynome","","Scale-throated Hermit","JAYRSON ARAUJO DE OLIVEIRA","Brazil","Trilha dos Tucanos, Tapirai, São Paulo","-24.0037","-47.0037","song","//www.xeno-canto.org/435615/download","//creativecommons.org/licenses/by-nc-sa/4.0/","//www.xeno-canto.org/435615","A","17:03","2018-09-08","750","//www.xeno-canto.org/sounds/uploaded/LXKLWEDKEM/ffts/XC435615-small.png","//www.xeno-canto.org/sounds/uploaded/LXKLWEDKEM/ffts/XC435615-med.png","//www.xeno-canto.org/sounds/uploaded/LXKLWEDKEM/ffts/XC435615-large.png","//www.xeno-canto.org/sounds/uploaded/LXKLWEDKEM/ffts/XC435615-full.png","0:21","2018-09-22",NA,"","yes","no","Ramphastos dicolorus","Amazilia versicolor",NA,NA,NA,NA,NA,NA
"435613","Phaethornis","eurynome","","Scale-throated Hermit","JAYRSON ARAUJO DE OLIVEIRA","Brazil","Trilha dos Tucanos, Tapirai, São Paulo","-24.0037","-47.0037","song","//www.xeno-canto.org/435613/download","//creativecommons.org/licenses/by-nc-sa/4.0/","//www.xeno-canto.org/435613","A","6:55","2018-09-09","750","//www.xeno-canto.org/sounds/uploaded/LXKLWEDKEM/ffts/XC435613-small.png","//www.xeno-canto.org/sounds/uploaded/LXKLWEDKEM/ffts/XC435613-med.png","//www.xeno-canto.org/sounds/uploaded/LXKLWEDKEM/ffts/XC435613-large.png","//www.xeno-canto.org/sounds/uploaded/LXKLWEDKEM/ffts/XC435613-full.png","0:53","2018-09-22",NA,"","yes","no","Attila rufus","Euphonia pectoralis","Trogon rufus","Saltator fuliginosus",NA,NA,NA,NA
"435611","Phaethornis","eurynome","","Scale-throated Hermit","JAYRSON ARAUJO DE OLIVEIRA","Brazil","Trilha dos Tucanos, Tapirai, São Paulo","-24.0037","-47.0037","song","//www.xeno-canto.org/435611/download","//creativecommons.org/licenses/by-nc-sa/4.0/","//www.xeno-canto.org/435611","A","16:10","2018-09-09","750","//www.xeno-canto.org/sounds/uploaded/LXKLWEDKEM/ffts/XC435611-small.png","//www.xeno-canto.org/sounds/uploaded/LXKLWEDKEM/ffts/XC435611-med.png","//www.xeno-canto.org/sounds/uploaded/LXKLWEDKEM/ffts/XC435611-large.png","//www.xeno-canto.org/sounds/uploaded/LXKLWEDKEM/ffts/XC435611-full.png","0:38","2018-09-22",NA,"","yes","no","Leptotila verreauxi","Cacicus haemorrhous",NA,NA,NA,NA,NA,NA
"427761","Phaethornis","eurynome","","Scale-throated Hermit","Caio Brito","Brazil","Mata dos Caetés, Vargem Alta-ES, Espírito Santo","-20.618021","-40.986854","canto","//www.xeno-canto.org/427761/download","//creativecommons.org/licenses/by-nc-sa/4.0/","//www.xeno-canto.org/427761","A","10:10","2017-07-13","940","//www.xeno-canto.org/sounds/uploaded/YWWWUBVAJF/ffts/XC427761-small.png","//www.xeno-canto.org/sounds/uploaded/YWWWUBVAJF/ffts/XC427761-med.png","//www.xeno-canto.org/sounds/uploaded/YWWWUBVAJF/ffts/XC427761-large.png","//www.xeno-canto.org/sounds/uploaded/YWWWUBVAJF/ffts/XC427761-full.png","0:33","2018-07-23","","habitat:Mata Atlântica - altitude;
recorder:Sony PCM-M10;
microphone:Sennheiser ME-066;
volume setting:6.;
weather:Nublado;","unknown","unknown",NA,NA,NA,NA,NA,NA,NA,NA
"422962","Phaethornis","eurynome","","Scale-throated Hermit","Fernando Igor de Godoy","Brazil","Monte Alegre, Telêmaco Borba, Paraná","-24.2783","-50.5306","song","//www.xeno-canto.org/422962/download","//creativecommons.org/licenses/by-nc-sa/4.0/","//www.xeno-canto.org/422962","A","07:00","2017-12-06","850","//www.xeno-canto.org/sounds/uploaded/CHDHFSVVIN/ffts/XC422962-small.png","//www.xeno-canto.org/sounds/uploaded/CHDHFSVVIN/ffts/XC422962-med.png","//www.xeno-canto.org/sounds/uploaded/CHDHFSVVIN/ffts/XC422962-large.png","//www.xeno-canto.org/sounds/uploaded/CHDHFSVVIN/ffts/XC422962-full.png","1:46","2018-06-29","","FCF2352 - Fonoteca Casa da Floresta.","yes","no",NA,NA,NA,NA,NA,NA,NA,NA
"416012","Phaethornis","eurynome","","Scale-throated Hermit","Alberto Madroño","Paraguay","Bolles-kue, RN Bosque Mbaracayú, Canindeyú","-24.1276","-55.5194","flight call","//www.xeno-canto.org/416012/download","//creativecommons.org/licenses/by-nc-sa/4.0/","//www.xeno-canto.org/416012","A","6:00","1996-06-20","200","//www.xeno-canto.org/sounds/uploaded/MLYBFUSFCG/ffts/XC416012-small.png","//www.xeno-canto.org/sounds/uploaded/MLYBFUSFCG/ffts/XC416012-med.png","//www.xeno-canto.org/sounds/uploaded/MLYBFUSFCG/ffts/XC416012-large.png","//www.xeno-canto.org/sounds/uploaded/MLYBFUSFCG/ffts/XC416012-full.png","0:20","2018-05-19","Crypturellus undulatus","en vuelo a c.1,5m muy cerca de mi. En sotobosque de bosque alto. Cielo cubierto, sin viento, humedad ambiente alta.","yes","no",NA,NA,NA,NA,NA,NA,NA,NA
"391830","Phaethornis","eurynome","","Scale-throated Hermit","Bobby Wilcox","Brazil","Teresópolis, Rio de Janeiro","-22.4503","-43.0026","male, song","//www.xeno-canto.org/391830/download","//creativecommons.org/licenses/by-nc-sa/4.0/","//www.xeno-canto.org/391830","A","10:30","2017-10-19","1200","//www.xeno-canto.org/sounds/uploaded/YHKQPPJDVP/ffts/XC391830-small.png","//www.xeno-canto.org/sounds/uploaded/YHKQPPJDVP/ffts/XC391830-med.png","//www.xeno-canto.org/sounds/uploaded/YHKQPPJDVP/ffts/XC391830-large.png","//www.xeno-canto.org/sounds/uploaded/YHKQPPJDVP/ffts/XC391830-full.png","0:14","2017-11-05","","About 20ft above in understory of mature Atlantic rain forest. Lekking with other nearby individuals. Different individual and slightly different song than XC391829.","yes","no",NA,NA,NA,NA,NA,NA,NA,NA
"391829","Phaethornis","eurynome","","Scale-throated Hermit","Bobby Wilcox","Brazil","Teresópolis, Rio de Janeiro","-22.4503","-43.0026","male, song","//www.xeno-canto.org/391829/download","//creativecommons.org/licenses/by-nc-sa/4.0/","//www.xeno-canto.org/391829","A","10:30","2017-10-19","1200","//www.xeno-canto.org/sounds/uploaded/YHKQPPJDVP/ffts/XC391829-small.png","//www.xeno-canto.org/sounds/uploaded/YHKQPPJDVP/ffts/XC391829-med.png","//www.xeno-canto.org/sounds/uploaded/YHKQPPJDVP/ffts/XC391829-large.png","//www.xeno-canto.org/sounds/uploaded/YHKQPPJDVP/ffts/XC391829-full.png","0:11","2017-11-05","","About 20ft above in understory of mature Atlantic rain forest. Lekking with other nearby individuals.","yes","no",NA,NA,NA,NA,NA,NA,NA,NA
"383229","Phaethornis","eurynome","","Scale-throated Hermit","Mateus G. Santos ","Brazil","Poções, Bahia","-14.5439","-40.2688","male, song","//www.xeno-canto.org/383229/download","//creativecommons.org/licenses/by-nc-sa/4.0/","//www.xeno-canto.org/383229","A","10:45","2017-08-12","1000","//www.xeno-canto.org/sounds/uploaded/MIIXEHZEUA/ffts/XC383229-small.png","//www.xeno-canto.org/sounds/uploaded/MIIXEHZEUA/ffts/XC383229-med.png","//www.xeno-canto.org/sounds/uploaded/MIIXEHZEUA/ffts/XC383229-large.png","//www.xeno-canto.org/sounds/uploaded/MIIXEHZEUA/ffts/XC383229-full.png","0:59","2017-08-17",NA,"","yes","no","Cranioleuca pallida","Piculus chrysochloros","Formicivora iheringi","Coereba flaveola","Colonia colonus","Saltator similis",NA,NA
"374225","Phaethornis","eurynome","","Scale-throated Hermit","Ciro Albano","Brazil","RPPN Serra Bonita, Camacan, BA","-15.3851","-39.5709","song","//www.xeno-canto.org/374225/download","//creativecommons.org/licenses/by-nc-sa/4.0/","//www.xeno-canto.org/374225","A","07:30","2017-04-19","850","//www.xeno-canto.org/sounds/uploaded/MXVQPUKGWW/ffts/XC374225-small.png","//www.xeno-canto.org/sounds/uploaded/MXVQPUKGWW/ffts/XC374225-med.png","//www.xeno-canto.org/sounds/uploaded/MXVQPUKGWW/ffts/XC374225-large.png","//www.xeno-canto.org/sounds/uploaded/MXVQPUKGWW/ffts/XC374225-full.png","1:02","2017-06-07","","","yes","no",NA,NA,NA,NA,NA,NA,NA,NA
"344132","Phaethornis","eurynome","","Scale-throated Hermit","Rodrigo Dela Rosa","Brazil","São José dos Campos-São Paulo","-22.8745","-45.8655","song","//www.xeno-canto.org/344132/download","//creativecommons.org/licenses/by-nc-sa/4.0/","//www.xeno-canto.org/344132","A","12:00","2011-09-15","1500","//www.xeno-canto.org/sounds/uploaded/VGXDJMKETZ/ffts/XC344132-small.png","//www.xeno-canto.org/sounds/uploaded/VGXDJMKETZ/ffts/XC344132-med.png","//www.xeno-canto.org/sounds/uploaded/VGXDJMKETZ/ffts/XC344132-large.png","//www.xeno-canto.org/sounds/uploaded/VGXDJMKETZ/ffts/XC344132-full.png","0:28","2016-11-26","Myiothlypis leucoblephara","","yes","no",NA,NA,NA,NA,NA,NA,NA,NA
"340958","Phaethornis","eurynome","eurynome","Scale-throated Hermit","Ricardo José Mitidieri","Brazil","PETP Jacarandá, Teresópolis, State of Rio de Janeiro","-22.435","-42.9326","song","//www.xeno-canto.org/340958/download","//creativecommons.org/licenses/by-nc-sa/4.0/","//www.xeno-canto.org/340958","A","10:30","2016-10-30","1100","//www.xeno-canto.org/sounds/uploaded/CFRYARSVHN/ffts/XC340958-small.png","//www.xeno-canto.org/sounds/uploaded/CFRYARSVHN/ffts/XC340958-med.png","//www.xeno-canto.org/sounds/uploaded/CFRYARSVHN/ffts/XC340958-large.png","//www.xeno-canto.org/sounds/uploaded/CFRYARSVHN/ffts/XC340958-full.png","0:56","2016-10-31",NA,"","yes","no","Pitangus sulphuratus","Phacellodomus erythrophthalmus","Attila rufus",NA,NA,NA,NA,NA
"333390","Phaethornis","eurynome","","Scale-throated Hermit","Lia Nahomi Kajiki","Brazil","Jundiaí, SP. Serra do Japi","-23.2692","-46.9153","call","//www.xeno-canto.org/333390/download","//creativecommons.org/licenses/by-nc-sa/4.0/","//www.xeno-canto.org/333390","A","07:00","2016-09-05","950","//www.xeno-canto.org/sounds/uploaded/PVVQTVACLV/ffts/XC333390-small.png","//www.xeno-canto.org/sounds/uploaded/PVVQTVACLV/ffts/XC333390-med.png","//www.xeno-canto.org/sounds/uploaded/PVVQTVACLV/ffts/XC333390-large.png","//www.xeno-canto.org/sounds/uploaded/PVVQTVACLV/ffts/XC333390-full.png","0:14","2016-09-06",NA,"ID 100% certain; filter: amplify (+4dB); altitudinal atlantic forest; ~4m from mic and 1m from the ground; temperature around 17ºC (w/ mist). Recorded with ZOOM H5n and Sennheiser ME66 shotgun mic.","yes","no","Basileuterus culicivorus","Myiothlypis leucoblephara","Turdus leucomelas","Turdus albicollis","Lochmias nematura",NA,NA,NA
"308985","Phaethornis","eurynome","","Scale-throated Hermit","Jerome Fischer","Brazil","Serra dos Órgãos National Park - RJ","-22.448","-43.01","song","//www.xeno-canto.org/308985/download","//creativecommons.org/licenses/by-nc-sa/4.0/","//www.xeno-canto.org/308985","A","12:00","2015-10-02","1400","//www.xeno-canto.org/sounds/uploaded/JPBSNBUUEF/ffts/XC308985-small.png","//www.xeno-canto.org/sounds/uploaded/JPBSNBUUEF/ffts/XC308985-med.png","//www.xeno-canto.org/sounds/uploaded/JPBSNBUUEF/ffts/XC308985-large.png","//www.xeno-canto.org/sounds/uploaded/JPBSNBUUEF/ffts/XC308985-full.png","0:18","2016-03-27","","","no","no",NA,NA,NA,NA,NA,NA,NA,NA
"304584","Phaethornis","eurynome","eurynome (ssp assumed from location)","Scale-throated Hermit","Jeremy Minns","Brazil","Serra dos Orgaos National Park. Teresopolis","-22.4667","-43.01","call","//www.xeno-canto.org/304584/download","//creativecommons.org/licenses/by-nc-sa/4.0/","//www.xeno-canto.org/304584","A","08:00","1999-06-29","1400","//www.xeno-canto.org/sounds/uploaded/DGVLLRYDXS/ffts/XC304584-small.png","//www.xeno-canto.org/sounds/uploaded/DGVLLRYDXS/ffts/XC304584-med.png","//www.xeno-canto.org/sounds/uploaded/DGVLLRYDXS/ffts/XC304584-large.png","//www.xeno-canto.org/sounds/uploaded/DGVLLRYDXS/ffts/XC304584-full.png","1:54","2016-02-24","Cichlocolaptes leucophrus","montane forest - lek - birds singing and chasing each other","yes","no",NA,NA,NA,NA,NA,NA,NA,NA
"299642","Phaethornis","eurynome","","Scale-throated Hermit","Fernando Igor de Godoy","Brazil","Monte Alegre, Telêmaco Borba, Paraná","-24.2783","-50.5306","song","//www.xeno-canto.org/299642/download","//creativecommons.org/licenses/by-nc-sa/4.0/","//www.xeno-canto.org/299642","A","16:00","2011-07-24","850","//www.xeno-canto.org/sounds/uploaded/CHDHFSVVIN/ffts/XC299642-small.png","//www.xeno-canto.org/sounds/uploaded/CHDHFSVVIN/ffts/XC299642-med.png","//www.xeno-canto.org/sounds/uploaded/CHDHFSVVIN/ffts/XC299642-large.png","//www.xeno-canto.org/sounds/uploaded/CHDHFSVVIN/ffts/XC299642-full.png","0:56","2016-01-18","","FNJV 29614 - Casa da Floresta","yes","no",NA,NA,NA,NA,NA,NA,NA,NA
"232824","Phaethornis","eurynome","eurynome (ssp assumed from location)","Scale-throated Hermit","Jeremy Minns","Brazil","Estrada da Graciosa, Paraná state","-25.3334","-48.9001","song","//www.xeno-canto.org/232824/download","//creativecommons.org/licenses/by-nc-sa/4.0/","//www.xeno-canto.org/232824","A","09:33","2002-11-18","850","//www.xeno-canto.org/sounds/uploaded/DGVLLRYDXS/ffts/XC232824-small.png","//www.xeno-canto.org/sounds/uploaded/DGVLLRYDXS/ffts/XC232824-med.png","//www.xeno-canto.org/sounds/uploaded/DGVLLRYDXS/ffts/XC232824-large.png","//www.xeno-canto.org/sounds/uploaded/DGVLLRYDXS/ffts/XC232824-full.png","0:34","2015-03-24",NA,"montane forest","yes","no","Procnias nudicollis","Myiothlypis leucoblephara","Attila phoenicurus",NA,NA,NA,NA,NA
"232821","Phaethornis","eurynome","eurynome (ssp assumed from location)","Scale-throated Hermit","Jeremy Minns","Brazil","Serra dos Orgaos National Park. Teresopolis","-22.4667","-43.01","song","//www.xeno-canto.org/232821/download","//creativecommons.org/licenses/by-nc-sa/4.0/","//www.xeno-canto.org/232821","A","06:50","1999-06-29","1400","//www.xeno-canto.org/sounds/uploaded/DGVLLRYDXS/ffts/XC232821-small.png","//www.xeno-canto.org/sounds/uploaded/DGVLLRYDXS/ffts/XC232821-med.png","//www.xeno-canto.org/sounds/uploaded/DGVLLRYDXS/ffts/XC232821-large.png","//www.xeno-canto.org/sounds/uploaded/DGVLLRYDXS/ffts/XC232821-full.png","0:45","2015-03-24","","Trilha da Pedra do Sino - montane forest - different individual from that recorded in XC232820 but singing nearby","no","no",NA,NA,NA,NA,NA,NA,NA,NA
"232820","Phaethornis","eurynome","eurynome (ssp assumed from location)","Scale-throated Hermit","Jeremy Minns","Brazil","Serra dos Orgaos National Park. Teresopolis","-22.4667","-43.01","song","//www.xeno-canto.org/232820/download","//creativecommons.org/licenses/by-nc-sa/4.0/","//www.xeno-canto.org/232820","A","06:48","1999-06-29","1400","//www.xeno-canto.org/sounds/uploaded/DGVLLRYDXS/ffts/XC232820-small.png","//www.xeno-canto.org/sounds/uploaded/DGVLLRYDXS/ffts/XC232820-med.png","//www.xeno-canto.org/sounds/uploaded/DGVLLRYDXS/ffts/XC232820-large.png","//www.xeno-canto.org/sounds/uploaded/DGVLLRYDXS/ffts/XC232820-full.png","0:19","2015-03-24","","Trilha da Pedra do Sino - montane forest","no","no",NA,NA,NA,NA,NA,NA,NA,NA
"232817","Phaethornis","eurynome","eurynome (ssp assumed from location)","Scale-throated Hermit","Jeremy Minns","Brazil","Serra da Bocaina State Park. Parati-Cunha road","-23.2001","-44.8167","song","//www.xeno-canto.org/232817/download","//creativecommons.org/licenses/by-nc-sa/4.0/","//www.xeno-canto.org/232817","A","06:51","2003-01-02","750","//www.xeno-canto.org/sounds/uploaded/DGVLLRYDXS/ffts/XC232817-small.png","//www.xeno-canto.org/sounds/uploaded/DGVLLRYDXS/ffts/XC232817-med.png","//www.xeno-canto.org/sounds/uploaded/DGVLLRYDXS/ffts/XC232817-large.png","//www.xeno-canto.org/sounds/uploaded/DGVLLRYDXS/ffts/XC232817-full.png","1:01","2015-03-24","","montane forest - natural (half) song by bird perched in undergrowth beside road, c. 1 m above ground","yes","no",NA,NA,NA,NA,NA,NA,NA,NA
"232804","Phaethornis","eurynome","eurynome (ssp assumed from location)","Scale-throated Hermit","Jeremy Minns","Brazil","Parque Estadual Intervales. Barra Grande","-24.2667","-48.3834","song","//www.xeno-canto.org/232804/download","//creativecommons.org/licenses/by-nc-sa/4.0/","//www.xeno-canto.org/232804","A","09:41","2003-10-30","800","//www.xeno-canto.org/sounds/uploaded/DGVLLRYDXS/ffts/XC232804-small.png","//www.xeno-canto.org/sounds/uploaded/DGVLLRYDXS/ffts/XC232804-med.png","//www.xeno-canto.org/sounds/uploaded/DGVLLRYDXS/ffts/XC232804-large.png","//www.xeno-canto.org/sounds/uploaded/DGVLLRYDXS/ffts/XC232804-full.png","1:37","2015-03-24",NA,"montane forest - natural song of bird perched in understorey, c.1,5 m above ground","yes","no","Chiroxiphia caudata","Philydor rufum","Tinamus solitarius","Hypoedaleus guttatus","Carpornis cucullata","Attila phoenicurus",NA,NA
"211682","Phaethornis","eurynome","","Scale-throated Hermit","Fernando Igor de Godoy","Brazil","Juquitiba,  São Paulo","-23.9832","-46.998","flight call","//www.xeno-canto.org/211682/download","//creativecommons.org/licenses/by-nc-sa/4.0/","//www.xeno-canto.org/211682","A","07:00","2011-04-06","700","//www.xeno-canto.org/sounds/uploaded/CHDHFSVVIN/ffts/XC211682-small.png","//www.xeno-canto.org/sounds/uploaded/CHDHFSVVIN/ffts/XC211682-med.png","//www.xeno-canto.org/sounds/uploaded/CHDHFSVVIN/ffts/XC211682-large.png","//www.xeno-canto.org/sounds/uploaded/CHDHFSVVIN/ffts/XC211682-full.png","0:12","2015-01-30","","","yes","no",NA,NA,NA,NA,NA,NA,NA,NA
"194438","Phaethornis","eurynome","eurynome","Scale-throated Hermit","Diego Caiafa","Brazil","Itatiaia, Itatiaia, Rio de Janeiro","-22.4902","-44.5679","song","//www.xeno-canto.org/194438/download","//creativecommons.org/licenses/by-nc-sa/4.0/","//www.xeno-canto.org/194438","A","?","2007-09-20","?","//www.xeno-canto.org/sounds/uploaded/AFYLJUDWMT/ffts/XC194438-small.png","//www.xeno-canto.org/sounds/uploaded/AFYLJUDWMT/ffts/XC194438-med.png","//www.xeno-canto.org/sounds/uploaded/AFYLJUDWMT/ffts/XC194438-large.png","//www.xeno-canto.org/sounds/uploaded/AFYLJUDWMT/ffts/XC194438-full.png","0:19","2014-09-06","","","yes","no",NA,NA,NA,NA,NA,NA,NA,NA
"177602","Phaethornis","eurynome","","Scale-throated Hermit","Antonio Silveira","Brazil","Serra da Cantareira State Park. São Paulo","-23.4667","-46.6167","call","//www.xeno-canto.org/177602/download","//creativecommons.org/licenses/by-nc-sa/4.0/","//www.xeno-canto.org/177602","A","09:00","2014-01-19","800","//www.xeno-canto.org/sounds/uploaded/NBJQSQJRYH/ffts/XC177602-small.png","//www.xeno-canto.org/sounds/uploaded/NBJQSQJRYH/ffts/XC177602-med.png","//www.xeno-canto.org/sounds/uploaded/NBJQSQJRYH/ffts/XC177602-large.png","//www.xeno-canto.org/sounds/uploaded/NBJQSQJRYH/ffts/XC177602-full.png","0:04","2014-05-07","","bird in the forest.","yes","no",NA,NA,NA,NA,NA,NA,NA,NA
"75555","Phaethornis","eurynome","","Scale-throated Hermit","Daniel Lane","Brazil","Parque Estadual Intervales, SP","-24.2759","-48.4181","flight call","//www.xeno-canto.org/75555/download","//creativecommons.org/licenses/by-nc-sa/3.0/","//www.xeno-canto.org/75555","A","14:15","2011-02-15","850","//www.xeno-canto.org/sounds/uploaded/WOEAFQRMUD/ffts/XC75555-small.png","//www.xeno-canto.org/sounds/uploaded/WOEAFQRMUD/ffts/XC75555-med.png","//www.xeno-canto.org/sounds/uploaded/WOEAFQRMUD/ffts/XC75555-large.png","//www.xeno-canto.org/sounds/uploaded/WOEAFQRMUD/ffts/XC75555-full.png","0:07","2011-04-10","Poecilotriccus plumbeiceps","Natural call of bird flying along hillside with grass and scrub under scattered trees.","unknown","unknown",NA,NA,NA,NA,NA,NA,NA,NA
"60504","Phaethornis","eurynome","","Scale-throated Hermit","Miguel Castelino","Argentina","PN Iguazu-Arroyo Macuco, Misiones",NA,NA,"song","//www.xeno-canto.org/60504/download","//creativecommons.org/licenses/by-nc-nd/2.5/","//www.xeno-canto.org/60504","A","?:?","2003-09-00","?","//www.xeno-canto.org/sounds/uploaded/RCJCABZSNP/ffts/XC60504-small.png","//www.xeno-canto.org/sounds/uploaded/RCJCABZSNP/ffts/XC60504-med.png","//www.xeno-canto.org/sounds/uploaded/RCJCABZSNP/ffts/XC60504-large.png","//www.xeno-canto.org/sounds/uploaded/RCJCABZSNP/ffts/XC60504-full.png","0:22","2010-08-20","","<a href=http://www.xeno-canto.org/graphics/conosur.jpg rel=lightbox>From Bird Sounds of Southern South America by Lopez-Lanus (2008)</a>","unknown","unknown",NA,NA,NA,NA,NA,NA,NA,NA
"58803","Phaethornis","eurynome","","Scale-throated Hermit","Renan Campos de Oliveira","Brazil","Mata do Bule, Londrina - PR","-23.4006","-51.3176","Song","//www.xeno-canto.org/58803/download","//creativecommons.org/licenses/by-nc-nd/2.5/","//www.xeno-canto.org/58803","A","7:39","2010-07-01","600","//www.xeno-canto.org/sounds/uploaded/SDARDTGGWP/ffts/XC58803-small.png","//www.xeno-canto.org/sounds/uploaded/SDARDTGGWP/ffts/XC58803-med.png","//www.xeno-canto.org/sounds/uploaded/SDARDTGGWP/ffts/XC58803-large.png","//www.xeno-canto.org/sounds/uploaded/SDARDTGGWP/ffts/XC58803-full.png","0:22","2010-07-28","","","unknown","unknown",NA,NA,NA,NA,NA,NA,NA,NA
"48789","Phaethornis","eurynome","paraguayensis","Scale-throated Hermit","Bernabe Lopez-Lanus","Argentina","Yacutinga Lodge, Andresito, Misiones","-25.716791","-54.414597","Song","//www.xeno-canto.org/48789/download","//creativecommons.org/licenses/by-nc-sa/3.0/","//www.xeno-canto.org/48789","A","am","2005-00-00","?","//www.xeno-canto.org/sounds/uploaded/BYLLSJRVDZ/ffts/XC48789-small.png","//www.xeno-canto.org/sounds/uploaded/BYLLSJRVDZ/ffts/XC48789-med.png","//www.xeno-canto.org/sounds/uploaded/BYLLSJRVDZ/ffts/XC48789-large.png","//www.xeno-canto.org/sounds/uploaded/BYLLSJRVDZ/ffts/XC48789-full.png","0:41","2010-05-09","","","unknown","unknown",NA,NA,NA,NA,NA,NA,NA,NA
"41783","Phaethornis","eurynome","","Scale-throated Hermit","Evair Legal","Brazil","RPPN Prima Luna, Nova Trento, Santa Catarina","-27.258","-49.02","song","//www.xeno-canto.org/41783/download","//creativecommons.org/licenses/by-nc-nd/2.5/","//www.xeno-canto.org/41783","A","?","2009-12-22","350","//www.xeno-canto.org/sounds/uploaded/SMJXFKLATM/ffts/XC41783-small.png","//www.xeno-canto.org/sounds/uploaded/SMJXFKLATM/ffts/XC41783-med.png","//www.xeno-canto.org/sounds/uploaded/SMJXFKLATM/ffts/XC41783-large.png","//www.xeno-canto.org/sounds/uploaded/SMJXFKLATM/ffts/XC41783-full.png","0:06","2009-12-27","Turdus albicollis","","unknown","unknown",NA,NA,NA,NA,NA,NA,NA,NA
"32535","Phaethornis","eurynome","","Scale-throated Hermit","Adrian Eisen Rupp","Brazil","Agrião, Parque Nacional da Serra do Itajaí, Presidente Nereu, Santa Catarina","-27.1737","-49.2151","song","//www.xeno-canto.org/32535/download","//creativecommons.org/licenses/by-nc-nd/2.5/","//www.xeno-canto.org/32535","A","?","2009-04-08","440","//www.xeno-canto.org/sounds/uploaded/AOPMSCIDIA/ffts/XC32535-small.png","//www.xeno-canto.org/sounds/uploaded/AOPMSCIDIA/ffts/XC32535-med.png","//www.xeno-canto.org/sounds/uploaded/AOPMSCIDIA/ffts/XC32535-large.png","//www.xeno-canto.org/sounds/uploaded/AOPMSCIDIA/ffts/XC32535-full.png","0:49","2009-04-11","","","unknown","unknown",NA,NA,NA,NA,NA,NA,NA,NA
"15607","Phaethornis","eurynome","eurynome","Scale-throated Hermit","Nick Athanas","Brazil","Boa Nova, BA - dry forest","-14.3834","-40.2001","lekking","//www.xeno-canto.org/15607/download","//creativecommons.org/licenses/by-nc-sa/3.0/","//www.xeno-canto.org/15607","A","05:58","2007-09-21","700","//www.xeno-canto.org/sounds/uploaded/XRABICUARW/ffts/XC15607-small.png","//www.xeno-canto.org/sounds/uploaded/XRABICUARW/ffts/XC15607-med.png","//www.xeno-canto.org/sounds/uploaded/XRABICUARW/ffts/XC15607-large.png","//www.xeno-canto.org/sounds/uploaded/XRABICUARW/ffts/XC15607-full.png","0:32","2008-11-20","Trogon rufus","In remarkably dry forest for this species. Click for photo: img:http://www.antpitta.com/images/photos/hummers/Scale-throated-Hermit-BoaNova.jpg","unknown","unknown",NA,NA,NA,NA,NA,NA,NA,NA
"3960","Phaethornis","eurynome","","Scale-throated Hermit","Nick Athanas","Brazil","Mury, RJ","-22.3731","-42.5609","lekking","//www.xeno-canto.org/3960/download","//creativecommons.org/licenses/by-nc-sa/3.0/","//www.xeno-canto.org/3960","A","07:30","2005-04-22","1100","//www.xeno-canto.org/sounds/uploaded/XRABICUARW/ffts/XC3960-small.png","//www.xeno-canto.org/sounds/uploaded/XRABICUARW/ffts/XC3960-med.png","//www.xeno-canto.org/sounds/uploaded/XRABICUARW/ffts/XC3960-large.png","//www.xeno-canto.org/sounds/uploaded/XRABICUARW/ffts/XC3960-full.png","0:14","2008-11-20","","","unknown","unknown",NA,NA,NA,NA,NA,NA,NA,NA
"501013","Phaethornis","eurynome","","Scale-throated Hermit","Luis Seko Pradier","Argentina","Reserva Guaraní, Misiones","-26.9334","-54.2167","flight call","//www.xeno-canto.org/501013/download","//creativecommons.org/licenses/by-nc-sa/4.0/","//www.xeno-canto.org/501013","B","10:30","2018-07-18","360","//www.xeno-canto.org/sounds/uploaded/FHXVKPJNFP/ffts/XC501013-small.png","//www.xeno-canto.org/sounds/uploaded/FHXVKPJNFP/ffts/XC501013-med.png","//www.xeno-canto.org/sounds/uploaded/FHXVKPJNFP/ffts/XC501013-large.png","//www.xeno-canto.org/sounds/uploaded/FHXVKPJNFP/ffts/XC501013-full.png","0:18","2019-10-05","","Un individuo vocalizando en vuelo luego de libar en flores de isipó San Juan (Pyrostegia venusta). Borde de selva.","yes","no",NA,NA,NA,NA,NA,NA,NA,NA
"427760","Phaethornis","eurynome","","Scale-throated Hermit","Caio Brito","Brazil","Mata dos Caetés, Vargem Alta-ES, Espírito Santo","-20.618021","-40.986854","canto","//www.xeno-canto.org/427760/download","//creativecommons.org/licenses/by-nc-sa/4.0/","//www.xeno-canto.org/427760","B","07:25","2017-07-11","940","//www.xeno-canto.org/sounds/uploaded/YWWWUBVAJF/ffts/XC427760-small.png","//www.xeno-canto.org/sounds/uploaded/YWWWUBVAJF/ffts/XC427760-med.png","//www.xeno-canto.org/sounds/uploaded/YWWWUBVAJF/ffts/XC427760-large.png","//www.xeno-canto.org/sounds/uploaded/YWWWUBVAJF/ffts/XC427760-full.png","0:28","2018-07-23","","habitat:Mata Atlântica - altitude;
recorder:Sony PCM-M10;
microphone:Sennheiser ME-066;
volume setting:7.;
weather:Nublado;","unknown","unknown",NA,NA,NA,NA,NA,NA,NA,NA
"375208","Phaethornis","eurynome","eurynome","Scale-throated Hermit","Ricardo José Mitidieri","Brazil","Rio Bonito de Baixo - Nova Friburgo - RJ","-22.3926","-42.3662","flight call","//www.xeno-canto.org/375208/download","//creativecommons.org/licenses/by-nc-sa/4.0/","//www.xeno-canto.org/375208","B","09:30","2017-06-10","850","//www.xeno-canto.org/sounds/uploaded/CFRYARSVHN/ffts/XC375208-small.png","//www.xeno-canto.org/sounds/uploaded/CFRYARSVHN/ffts/XC375208-med.png","//www.xeno-canto.org/sounds/uploaded/CFRYARSVHN/ffts/XC375208-large.png","//www.xeno-canto.org/sounds/uploaded/CFRYARSVHN/ffts/XC375208-full.png","0:27","2017-06-12",NA,"Edge of montane forest.","yes","no","Clytolaema rubricauda","Thalurania glaucopis",NA,NA,NA,NA,NA,NA
"348835","Phaethornis","eurynome","","Scale-throated Hermit","Rodrigo Dela Rosa","Brazil","RPPN Fazenda Renópolis, Santo Antônio do Pinhal, São Paulo","-22.803","-45.6227","song","//www.xeno-canto.org/348835/download","//creativecommons.org/licenses/by-nc-sa/4.0/","//www.xeno-canto.org/348835","B","05:30","2017-01-02","1400","//www.xeno-canto.org/sounds/uploaded/VGXDJMKETZ/ffts/XC348835-small.png","//www.xeno-canto.org/sounds/uploaded/VGXDJMKETZ/ffts/XC348835-med.png","//www.xeno-canto.org/sounds/uploaded/VGXDJMKETZ/ffts/XC348835-large.png","//www.xeno-canto.org/sounds/uploaded/VGXDJMKETZ/ffts/XC348835-full.png","0:40","2017-01-03",NA,"","yes","no","Turdus rufiventris","Crypturellus obsoletus","Pyriglena leucoptera",NA,NA,NA,NA,NA
"344430","Phaethornis","eurynome","","Scale-throated Hermit","Gustavo Luz","Brazil","PN Aparados da Serra",NA,NA,"song","//www.xeno-canto.org/344430/download","//creativecommons.org/licenses/by-nc-sa/4.0/","//www.xeno-canto.org/344430","B","10:30","2016-11-26","200 metros","//www.xeno-canto.org/sounds/uploaded/WATVFLEEDH/ffts/XC344430-small.png","//www.xeno-canto.org/sounds/uploaded/WATVFLEEDH/ffts/XC344430-med.png","//www.xeno-canto.org/sounds/uploaded/WATVFLEEDH/ffts/XC344430-large.png","//www.xeno-canto.org/sounds/uploaded/WATVFLEEDH/ffts/XC344430-full.png","0:50","2016-11-29","","","yes","no",NA,NA,NA,NA,NA,NA,NA,NA
"342001","Phaethornis","eurynome","","Scale-throated Hermit","Jeremy Minns","Brazil","Intervales State Park. Carmo road","-24.2834","-48.4334","song","//www.xeno-canto.org/342001/download","//creativecommons.org/licenses/by-nc-sa/4.0/","//www.xeno-canto.org/342001","B","10:43","2004-04-05","900","//www.xeno-canto.org/sounds/uploaded/DGVLLRYDXS/ffts/XC342001-small.png","//www.xeno-canto.org/sounds/uploaded/DGVLLRYDXS/ffts/XC342001-med.png","//www.xeno-canto.org/sounds/uploaded/DGVLLRYDXS/ffts/XC342001-large.png","//www.xeno-canto.org/sounds/uploaded/DGVLLRYDXS/ffts/XC342001-full.png","1:26","2016-11-08","Chiroxiphia caudata","humid forest - perched in understory, 1.5 m above ground","yes","no",NA,NA,NA,NA,NA,NA,NA,NA
"332203","Phaethornis","eurynome","","Scale-throated Hermit","Jeremy Minns","Brazil","Rio de Janeiro; Serra do Orgaos NP","-22.44","-42.99","song","//www.xeno-canto.org/332203/download","//creativecommons.org/licenses/by-nc-sa/4.0/","//www.xeno-canto.org/332203","B","06:40","2002-09-12","1000","//www.xeno-canto.org/sounds/uploaded/DGVLLRYDXS/ffts/XC332203-small.png","//www.xeno-canto.org/sounds/uploaded/DGVLLRYDXS/ffts/XC332203-med.png","//www.xeno-canto.org/sounds/uploaded/DGVLLRYDXS/ffts/XC332203-large.png","//www.xeno-canto.org/sounds/uploaded/DGVLLRYDXS/ffts/XC332203-full.png","1:19","2016-08-24",NA,"montane forest - in extended lek","no","no","Cichlocolaptes leucophrus","Turdus flavipes","Cranioleuca pallida","Carpornis cucullata",NA,NA,NA,NA
"330981","Phaethornis","eurynome","","Scale-throated Hermit","Marcelo Jordani Feliti","Brazil","Paranapiacaba,Santo André, São Paulo State","-23.7745","-46.3021","song","//www.xeno-canto.org/330981/download","//creativecommons.org/licenses/by-nc-nd/4.0/","//www.xeno-canto.org/330981","B","9:55","2016-07-03","850","//www.xeno-canto.org/sounds/uploaded/DJHLXVSKSM/ffts/XC330981-small.png","//www.xeno-canto.org/sounds/uploaded/DJHLXVSKSM/ffts/XC330981-med.png","//www.xeno-canto.org/sounds/uploaded/DJHLXVSKSM/ffts/XC330981-large.png","//www.xeno-canto.org/sounds/uploaded/DJHLXVSKSM/ffts/XC330981-full.png","0:13","2016-08-13",NA,"","unknown","no","Trogon viridis","Synallaxis spixi",NA,NA,NA,NA,NA,NA
"324819","Phaethornis","eurynome","eurynome","Scale-throated Hermit","Ricardo José Mitidieri","Brazil","PETP Jacarandá, Teresópolis, State of Rio de Janeiro","-22.435","-42.9326","song","//www.xeno-canto.org/324819/download","//creativecommons.org/licenses/by-nc-sa/4.0/","//www.xeno-canto.org/324819","B","10:00","2015-09-27","1100","//www.xeno-canto.org/sounds/uploaded/CFRYARSVHN/ffts/XC324819-small.png","//www.xeno-canto.org/sounds/uploaded/CFRYARSVHN/ffts/XC324819-med.png","//www.xeno-canto.org/sounds/uploaded/CFRYARSVHN/ffts/XC324819-large.png","//www.xeno-canto.org/sounds/uploaded/CFRYARSVHN/ffts/XC324819-full.png","0:05","2016-06-29","","","yes","no",NA,NA,NA,NA,NA,NA,NA,NA
"295937","Phaethornis","eurynome","","Scale-throated Hermit","Fernando Igor de Godoy","Brazil","Monte Alegre, Telêmaco Borba, Paraná","-24.2783","-50.5306","song","//www.xeno-canto.org/295937/download","//creativecommons.org/licenses/by-nc-sa/4.0/","//www.xeno-canto.org/295937","B","06:00","2011-10-12","850","//www.xeno-canto.org/sounds/uploaded/CHDHFSVVIN/ffts/XC295937-small.png","//www.xeno-canto.org/sounds/uploaded/CHDHFSVVIN/ffts/XC295937-med.png","//www.xeno-canto.org/sounds/uploaded/CHDHFSVVIN/ffts/XC295937-large.png","//www.xeno-canto.org/sounds/uploaded/CHDHFSVVIN/ffts/XC295937-full.png","0:22","2015-12-18","","FNJV 29459 - Casa da Floresta","yes","no",NA,NA,NA,NA,NA,NA,NA,NA
"292073","Phaethornis","eurynome","","Scale-throated Hermit","Jeremy Minns","Brazil","Reserva Biológica A. Ruschi, ES","-19.8834","-40.5834","song","//www.xeno-canto.org/292073/download","//creativecommons.org/licenses/by-nc-sa/4.0/","//www.xeno-canto.org/292073","B","06:00","1998-10-27","850","//www.xeno-canto.org/sounds/uploaded/DGVLLRYDXS/ffts/XC292073-small.png","//www.xeno-canto.org/sounds/uploaded/DGVLLRYDXS/ffts/XC292073-med.png","//www.xeno-canto.org/sounds/uploaded/DGVLLRYDXS/ffts/XC292073-large.png","//www.xeno-canto.org/sounds/uploaded/DGVLLRYDXS/ffts/XC292073-full.png","0:54","2015-11-26",NA,"montane forest","no","no","Saltator similis","Muscipipra vetula",NA,NA,NA,NA,NA,NA
"284730","Phaethornis","eurynome","","Scale-throated Hermit","Marcus Braun","Brazil","RPPN Serra Bonita, Camacan, Bahia.","-15.3851","-39.5709","song","//www.xeno-canto.org/284730/download","//creativecommons.org/licenses/by-nc-nd/4.0/","//www.xeno-canto.org/284730","B","09:46","2014-10-30","850","//www.xeno-canto.org/sounds/uploaded/EICLYDGEKS/ffts/XC284730-small.png","//www.xeno-canto.org/sounds/uploaded/EICLYDGEKS/ffts/XC284730-med.png","//www.xeno-canto.org/sounds/uploaded/EICLYDGEKS/ffts/XC284730-large.png","//www.xeno-canto.org/sounds/uploaded/EICLYDGEKS/ffts/XC284730-full.png","0:34","2015-10-12","","","yes","no",NA,NA,NA,NA,NA,NA,NA,NA
"211685","Phaethornis","eurynome","","Scale-throated Hermit","Fernando Igor de Godoy","Brazil","APA Capivari Monos, São Paulo, SP","-23.9557","-46.6503","song","//www.xeno-canto.org/211685/download","//creativecommons.org/licenses/by-nc-sa/4.0/","//www.xeno-canto.org/211685","B","07:00","2010-09-20","700","//www.xeno-canto.org/sounds/uploaded/CHDHFSVVIN/ffts/XC211685-small.png","//www.xeno-canto.org/sounds/uploaded/CHDHFSVVIN/ffts/XC211685-med.png","//www.xeno-canto.org/sounds/uploaded/CHDHFSVVIN/ffts/XC211685-large.png","//www.xeno-canto.org/sounds/uploaded/CHDHFSVVIN/ffts/XC211685-full.png","0:58","2015-01-30","","","unknown","unknown",NA,NA,NA,NA,NA,NA,NA,NA
"211683","Phaethornis","eurynome","","Scale-throated Hermit","Fernando Igor de Godoy","Brazil","Parque Anhanguera, São Paulo - SP","-23.418","-46.789","song","//www.xeno-canto.org/211683/download","//creativecommons.org/licenses/by-nc-sa/4.0/","//www.xeno-canto.org/211683","B","11:00","2010-10-28","800","//www.xeno-canto.org/sounds/uploaded/CHDHFSVVIN/ffts/XC211683-small.png","//www.xeno-canto.org/sounds/uploaded/CHDHFSVVIN/ffts/XC211683-med.png","//www.xeno-canto.org/sounds/uploaded/CHDHFSVVIN/ffts/XC211683-large.png","//www.xeno-canto.org/sounds/uploaded/CHDHFSVVIN/ffts/XC211683-full.png","0:54","2015-01-30","","","yes","no",NA,NA,NA,NA,NA,NA,NA,NA
"206904","Phaethornis","eurynome","","Scale-throated Hermit","João Gava Just","Brazil","Mata do Pessetti, Morro Grande, Santa Catarina","-28.7888","-49.683","song","//www.xeno-canto.org/206904/download","//creativecommons.org/licenses/by-nc-sa/4.0/","//www.xeno-canto.org/206904","B","11:00","2014-12-16","80","//www.xeno-canto.org/sounds/uploaded/CEKMJEZKSJ/ffts/XC206904-small.png","//www.xeno-canto.org/sounds/uploaded/CEKMJEZKSJ/ffts/XC206904-med.png","//www.xeno-canto.org/sounds/uploaded/CEKMJEZKSJ/ffts/XC206904-large.png","//www.xeno-canto.org/sounds/uploaded/CEKMJEZKSJ/ffts/XC206904-full.png","0:36","2014-12-18","","","yes","no",NA,NA,NA,NA,NA,NA,NA,NA
"194437","Phaethornis","eurynome","eurynome","Scale-throated Hermit","Diego Caiafa","Brazil","Hotel Sao Gotardo, Itamonte, Itamonte, Minas Gerais","-22.2864","-44.8684","song","//www.xeno-canto.org/194437/download","//creativecommons.org/licenses/by-nc-sa/4.0/","//www.xeno-canto.org/194437","B","?","2007-09-23","?","//www.xeno-canto.org/sounds/uploaded/AFYLJUDWMT/ffts/XC194437-small.png","//www.xeno-canto.org/sounds/uploaded/AFYLJUDWMT/ffts/XC194437-med.png","//www.xeno-canto.org/sounds/uploaded/AFYLJUDWMT/ffts/XC194437-large.png","//www.xeno-canto.org/sounds/uploaded/AFYLJUDWMT/ffts/XC194437-full.png","0:14","2014-09-06","","","yes","no",NA,NA,NA,NA,NA,NA,NA,NA
"176296","Phaethornis","eurynome","","Scale-throated Hermit","João Antônio de B. Vitto","Brazil","Urussanga, Santa Catarina","-28.5186","-49.3243","call, song","//www.xeno-canto.org/176296/download","//creativecommons.org/licenses/by-nc-sa/4.0/","//www.xeno-canto.org/176296","B","16:00","2011-10-08","60","//www.xeno-canto.org/sounds/uploaded/RIVNLYTULO/ffts/XC176296-small.png","//www.xeno-canto.org/sounds/uploaded/RIVNLYTULO/ffts/XC176296-med.png","//www.xeno-canto.org/sounds/uploaded/RIVNLYTULO/ffts/XC176296-large.png","//www.xeno-canto.org/sounds/uploaded/RIVNLYTULO/ffts/XC176296-full.png","0:28","2014-04-27","","","no","no",NA,NA,NA,NA,NA,NA,NA,NA
"156610","Phaethornis","eurynome","","Scale-throated Hermit","Vitor Herdy","Brazil","Divino, Minas Gerais","-20.6107","-42.3701","song","//www.xeno-canto.org/156610/download","//creativecommons.org/licenses/by-nc-sa/3.0/","//www.xeno-canto.org/156610","B","10:00","2013-12-01","1000","//www.xeno-canto.org/sounds/uploaded/GJMKCBCJJE/ffts/XC156610-small.png","//www.xeno-canto.org/sounds/uploaded/GJMKCBCJJE/ffts/XC156610-med.png","//www.xeno-canto.org/sounds/uploaded/GJMKCBCJJE/ffts/XC156610-large.png","//www.xeno-canto.org/sounds/uploaded/GJMKCBCJJE/ffts/XC156610-full.png","0:05","2013-12-04","","","yes","no",NA,NA,NA,NA,NA,NA,NA,NA
"138555","Phaethornis","eurynome","","Scale-throated Hermit","Noé Eiterer","Brazil","Araponga, Minas Gerais","-20.6665","-42.5222","call","//www.xeno-canto.org/138555/download","//creativecommons.org/licenses/by-nc-sa/3.0/","//www.xeno-canto.org/138555","B","10:00","2013-06-01","950","//www.xeno-canto.org/sounds/uploaded/TWSKITNQOV/ffts/XC138555-small.png","//www.xeno-canto.org/sounds/uploaded/TWSKITNQOV/ffts/XC138555-med.png","//www.xeno-canto.org/sounds/uploaded/TWSKITNQOV/ffts/XC138555-large.png","//www.xeno-canto.org/sounds/uploaded/TWSKITNQOV/ffts/XC138555-full.png","0:09","2013-06-16","","","yes","yes",NA,NA,NA,NA,NA,NA,NA,NA
"134199","Phaethornis","eurynome","","Scale-throated Hermit","William Zaca","Brazil","Atibaia, São Paulo","-23.1161","-46.5563","song","//www.xeno-canto.org/134199/download","//creativecommons.org/licenses/by-nc-sa/3.0/","//www.xeno-canto.org/134199","B","08:00","2012-07-20","800","//www.xeno-canto.org/sounds/uploaded/QPVHQBUWGE/ffts/XC134199-small.png","//www.xeno-canto.org/sounds/uploaded/QPVHQBUWGE/ffts/XC134199-med.png","//www.xeno-canto.org/sounds/uploaded/QPVHQBUWGE/ffts/XC134199-large.png","//www.xeno-canto.org/sounds/uploaded/QPVHQBUWGE/ffts/XC134199-full.png","0:39","2013-05-20","","","yes","no",NA,NA,NA,NA,NA,NA,NA,NA
"87414","Phaethornis","eurynome","","Scale-throated Hermit","Sidnei S. dos Santos","Brazil","RPPN Serra Bonita, Camacan, Bahia.","-15.3851","-39.5709","Song","//www.xeno-canto.org/87414/download","//creativecommons.org/licenses/by-nc-nd/2.5/","//www.xeno-canto.org/87414","B","9:30","2009-01-21","?","//www.xeno-canto.org/sounds/uploaded/BHODJXTHGQ/ffts/XC87414-small.png","//www.xeno-canto.org/sounds/uploaded/BHODJXTHGQ/ffts/XC87414-med.png","//www.xeno-canto.org/sounds/uploaded/BHODJXTHGQ/ffts/XC87414-large.png","//www.xeno-canto.org/sounds/uploaded/BHODJXTHGQ/ffts/XC87414-full.png","0:16","2011-09-12","","","unknown","unknown",NA,NA,NA,NA,NA,NA,NA,NA
"85302","Phaethornis","eurynome","eurynome","Scale-throated Hermit","Jeremy Minns","Brazil","Boraceia Biological Station, SP state","-23.6334","-45.8667","flight call","//www.xeno-canto.org/85302/download","//creativecommons.org/licenses/by-nc-sa/3.0/","//www.xeno-canto.org/85302","B","10:20","2000-06-01","825","//www.xeno-canto.org/sounds/uploaded/DGVLLRYDXS/ffts/XC85302-small.png","//www.xeno-canto.org/sounds/uploaded/DGVLLRYDXS/ffts/XC85302-med.png","//www.xeno-canto.org/sounds/uploaded/DGVLLRYDXS/ffts/XC85302-large.png","//www.xeno-canto.org/sounds/uploaded/DGVLLRYDXS/ffts/XC85302-full.png","0:08","2011-08-03","Phylloscartes oustaleti","Edge of montane forest.","unknown","unknown",NA,NA,NA,NA,NA,NA,NA,NA
"85289","Phaethornis","eurynome","eurynome","Scale-throated Hermit","Jeremy Minns","Brazil","Parque do Zizo, Sao Paulo state","-24.017146","-47.81044","Calls while feeding","//www.xeno-canto.org/85289/download","//creativecommons.org/licenses/by-nc-sa/3.0/","//www.xeno-canto.org/85289","B","13:33","2006-05-05","650","//www.xeno-canto.org/sounds/uploaded/DGVLLRYDXS/ffts/XC85289-small.png","//www.xeno-canto.org/sounds/uploaded/DGVLLRYDXS/ffts/XC85289-med.png","//www.xeno-canto.org/sounds/uploaded/DGVLLRYDXS/ffts/XC85289-large.png","//www.xeno-canto.org/sounds/uploaded/DGVLLRYDXS/ffts/XC85289-full.png","0:11","2011-08-03","","Garden of the pousada. Calls by a bird that returned at five minute intervals to feed at bromeliads.","unknown","unknown",NA,NA,NA,NA,NA,NA,NA,NA
"85288","Phaethornis","eurynome","eurynome","Scale-throated Hermit","Jeremy Minns","Brazil","Serra da Bocaina. Casa da Bocaina","-22.8667","-44.4501","Song","//www.xeno-canto.org/85288/download","//creativecommons.org/licenses/by-nc-sa/3.0/","//www.xeno-canto.org/85288","B","06:56","2005-01-24","1350","//www.xeno-canto.org/sounds/uploaded/DGVLLRYDXS/ffts/XC85288-small.png","//www.xeno-canto.org/sounds/uploaded/DGVLLRYDXS/ffts/XC85288-med.png","//www.xeno-canto.org/sounds/uploaded/DGVLLRYDXS/ffts/XC85288-large.png","//www.xeno-canto.org/sounds/uploaded/DGVLLRYDXS/ffts/XC85288-full.png","0:31","2011-08-03",NA,"Casa da Bocaina. Montane forest. Perched on fallen branch, 50 cm above ground.","unknown","unknown","Dysithamnus xanthopterus","Phyllomyias fasciatus","Myiodynastes maculatus","Procnias nudicollis","Pachyramphus polychopterus","Cyclarhis gujanensis",NA,NA
"85287","Phaethornis","eurynome","eurynome","Scale-throated Hermit","Jeremy Minns","Brazil","Intervales State Park. Bocanha and Lageado","-24.2667","-48.4501","Song","//www.xeno-canto.org/85287/download","//creativecommons.org/licenses/by-nc-sa/3.0/","//www.xeno-canto.org/85287","B","08:01","2003-02-14","800","//www.xeno-canto.org/sounds/uploaded/DGVLLRYDXS/ffts/XC85287-small.png","//www.xeno-canto.org/sounds/uploaded/DGVLLRYDXS/ffts/XC85287-med.png","//www.xeno-canto.org/sounds/uploaded/DGVLLRYDXS/ffts/XC85287-large.png","//www.xeno-canto.org/sounds/uploaded/DGVLLRYDXS/ffts/XC85287-full.png","0:41","2011-08-03","","Caverna dos Paiva. Secondary montane forest. Perched in small tree, c. 4 m above ground.","unknown","unknown",NA,NA,NA,NA,NA,NA,NA,NA
"85286","Phaethornis","eurynome","eurynome","Scale-throated Hermit","Jeremy Minns","Brazil","Estrada da Graciosa, Paraná state","-25.3334","-48.9001",", Song","//www.xeno-canto.org/85286/download","//creativecommons.org/licenses/by-nc-sa/3.0/","//www.xeno-canto.org/85286","B","07:23","2002-12-02","875","//www.xeno-canto.org/sounds/uploaded/DGVLLRYDXS/ffts/XC85286-small.png","//www.xeno-canto.org/sounds/uploaded/DGVLLRYDXS/ffts/XC85286-med.png","//www.xeno-canto.org/sounds/uploaded/DGVLLRYDXS/ffts/XC85286-large.png","//www.xeno-canto.org/sounds/uploaded/DGVLLRYDXS/ffts/XC85286-full.png","0:55","2011-08-03",NA,"Montane forest. Perched at eye level, beating its tail up and down as it sang and preening between songs.","unknown","unknown","Leptotila verreauxi","Pyriglena leucoptera","Carpornis cucullata","Procnias nudicollis","Chiroxiphia caudata","Vireo chivi",NA,NA
"85285","Phaethornis","eurynome","eurynome","Scale-throated Hermit","Jeremy Minns","Brazil","Intervales State Park. Residential area","-24.2667","-48.4167","Song","//www.xeno-canto.org/85285/download","//creativecommons.org/licenses/by-nc-sa/3.0/","//www.xeno-canto.org/85285","B","08:01","2002-08-12","830","//www.xeno-canto.org/sounds/uploaded/DGVLLRYDXS/ffts/XC85285-small.png","//www.xeno-canto.org/sounds/uploaded/DGVLLRYDXS/ffts/XC85285-med.png","//www.xeno-canto.org/sounds/uploaded/DGVLLRYDXS/ffts/XC85285-large.png","//www.xeno-canto.org/sounds/uploaded/DGVLLRYDXS/ffts/XC85285-full.png","0:38","2011-08-03",NA,"Monte Rosa. Secondary montane forest and scrub.","unknown","unknown","Batara cinerea","Troglodytes aedon","Saltator similis","Zonotrichia capensis",NA,NA,NA,NA
"85284","Phaethornis","eurynome","eurynome","Scale-throated Hermit","Jeremy Minns","Brazil","Boa Nova, BA - wet forest","-14.3834","-40.1001","Song","//www.xeno-canto.org/85284/download","//creativecommons.org/licenses/by-nc-sa/3.0/","//www.xeno-canto.org/85284","B","15:52","2001-11-07","825","//www.xeno-canto.org/sounds/uploaded/DGVLLRYDXS/ffts/XC85284-small.png","//www.xeno-canto.org/sounds/uploaded/DGVLLRYDXS/ffts/XC85284-med.png","//www.xeno-canto.org/sounds/uploaded/DGVLLRYDXS/ffts/XC85284-large.png","//www.xeno-canto.org/sounds/uploaded/DGVLLRYDXS/ffts/XC85284-full.png","0:19","2011-08-03",NA,"Perched in scrubby undergrowth beside road leading to humid forest.","unknown","unknown","Leptotila verreauxi","Turdus rufiventris","Ramphocelus bresilia",NA,NA,NA,NA,NA
"85283","Phaethornis","eurynome","eurynome","Scale-throated Hermit","Jeremy Minns","Brazil","RPPN Serra Bonita, Camacan, BA","-15.3851","-39.5709","Song","//www.xeno-canto.org/85283/download","//creativecommons.org/licenses/by-nc-sa/3.0/","//www.xeno-canto.org/85283","B","08:28","2001-11-05","800","//www.xeno-canto.org/sounds/uploaded/DGVLLRYDXS/ffts/XC85283-small.png","//www.xeno-canto.org/sounds/uploaded/DGVLLRYDXS/ffts/XC85283-med.png","//www.xeno-canto.org/sounds/uploaded/DGVLLRYDXS/ffts/XC85283-large.png","//www.xeno-canto.org/sounds/uploaded/DGVLLRYDXS/ffts/XC85283-full.png","0:25","2011-08-03","","Remnants of secondary humid forest. Perched inside a bush.","unknown","unknown",NA,NA,NA,NA,NA,NA,NA,NA
"85282","Phaethornis","eurynome","eurynome","Scale-throated Hermit","Jeremy Minns","Brazil","Serra dos Orgaos National Park. Teresopolis","-22.4667","-43.01","Song","//www.xeno-canto.org/85282/download","//creativecommons.org/licenses/by-nc-sa/3.0/","//www.xeno-canto.org/85282","B","08:20","2000-07-12","1250","//www.xeno-canto.org/sounds/uploaded/DGVLLRYDXS/ffts/XC85282-small.png","//www.xeno-canto.org/sounds/uploaded/DGVLLRYDXS/ffts/XC85282-med.png","//www.xeno-canto.org/sounds/uploaded/DGVLLRYDXS/ffts/XC85282-large.png","//www.xeno-canto.org/sounds/uploaded/DGVLLRYDXS/ffts/XC85282-full.png","0:25","2011-08-03","","Pedra do Sino trail. Montane forest. One bird near the microphone and another a little further away.","unknown","unknown",NA,NA,NA,NA,NA,NA,NA,NA
"85281","Phaethornis","eurynome","eurynome","Scale-throated Hermit","Jeremy Minns","Brazil","Boraceia Biological Station, SP state","-23.6334","-45.8667","flight call","//www.xeno-canto.org/85281/download","//creativecommons.org/licenses/by-nc-sa/3.0/","//www.xeno-canto.org/85281","B","07:24","2000-06-02","825","//www.xeno-canto.org/sounds/uploaded/DGVLLRYDXS/ffts/XC85281-small.png","//www.xeno-canto.org/sounds/uploaded/DGVLLRYDXS/ffts/XC85281-med.png","//www.xeno-canto.org/sounds/uploaded/DGVLLRYDXS/ffts/XC85281-large.png","//www.xeno-canto.org/sounds/uploaded/DGVLLRYDXS/ffts/XC85281-full.png","0:22","2011-08-03",NA,"Edge of montane forest.","unknown","unknown","Poecilotriccus plumbeiceps","Phylloscartes oustaleti",NA,NA,NA,NA,NA,NA
"85280","Phaethornis","eurynome","eurynome","Scale-throated Hermit","Jeremy Minns","Brazil","Boraceia Biological Station, SP state","-23.6334","-45.8667","flight call","//www.xeno-canto.org/85280/download","//creativecommons.org/licenses/by-nc-sa/3.0/","//www.xeno-canto.org/85280","B","08:31","2000-04-06","825","//www.xeno-canto.org/sounds/uploaded/DGVLLRYDXS/ffts/XC85280-small.png","//www.xeno-canto.org/sounds/uploaded/DGVLLRYDXS/ffts/XC85280-med.png","//www.xeno-canto.org/sounds/uploaded/DGVLLRYDXS/ffts/XC85280-large.png","//www.xeno-canto.org/sounds/uploaded/DGVLLRYDXS/ffts/XC85280-full.png","0:03","2011-08-03","Myrmoderus squamosus","Montane forest. Two calls by a bird hovering in front of a bromeliad.","unknown","unknown",NA,NA,NA,NA,NA,NA,NA,NA
"85279","Phaethornis","eurynome","eurynome","Scale-throated Hermit","Jeremy Minns","Brazil","Reserva Biológica A. Ruschi, ES","-19.8834","-40.5834","Song","//www.xeno-canto.org/85279/download","//creativecommons.org/licenses/by-nc-sa/3.0/","//www.xeno-canto.org/85279","B","17:15","1998-10-27","750","//www.xeno-canto.org/sounds/uploaded/DGVLLRYDXS/ffts/XC85279-small.png","//www.xeno-canto.org/sounds/uploaded/DGVLLRYDXS/ffts/XC85279-med.png","//www.xeno-canto.org/sounds/uploaded/DGVLLRYDXS/ffts/XC85279-large.png","//www.xeno-canto.org/sounds/uploaded/DGVLLRYDXS/ffts/XC85279-full.png","0:23","2011-08-03","Chiroxiphia caudata","Edge of montane forest.","unknown","unknown",NA,NA,NA,NA,NA,NA,NA,NA
"70810","Phaethornis","eurynome","","Scale-throated Hermit","Daniel Lane","Brazil","Estrada da Graciosa, Paraná state","-25.3334","-48.9001","song","//www.xeno-canto.org/70810/download","//creativecommons.org/licenses/by-nc-sa/3.0/","//www.xeno-canto.org/70810","B","10:50","2006-11-05","900","//www.xeno-canto.org/sounds/uploaded/WOEAFQRMUD/ffts/XC70810-small.png","//www.xeno-canto.org/sounds/uploaded/WOEAFQRMUD/ffts/XC70810-med.png","//www.xeno-canto.org/sounds/uploaded/WOEAFQRMUD/ffts/XC70810-large.png","//www.xeno-canto.org/sounds/uploaded/WOEAFQRMUD/ffts/XC70810-full.png","0:47","2011-01-30",NA,"Natural songs from bird sitting within 1m up in dense low vegetation at edge.","unknown","unknown","Chiroxiphia caudata","Procnias nudicollis","Phylloscartes ventralis","Patagioenas plumbea",NA,NA,NA,NA
"60505","Phaethornis","eurynome","","Scale-throated Hermit","Miguel Castelino","Argentina","PN Iguazu, Misiones",NA,NA,"song","//www.xeno-canto.org/60505/download","//creativecommons.org/licenses/by-nc-nd/2.5/","//www.xeno-canto.org/60505","B","?:?","1995-12-12","?","//www.xeno-canto.org/sounds/uploaded/RCJCABZSNP/ffts/XC60505-small.png","//www.xeno-canto.org/sounds/uploaded/RCJCABZSNP/ffts/XC60505-med.png","//www.xeno-canto.org/sounds/uploaded/RCJCABZSNP/ffts/XC60505-large.png","//www.xeno-canto.org/sounds/uploaded/RCJCABZSNP/ffts/XC60505-full.png","0:16","2010-08-20","","<a href=http://www.xeno-canto.org/graphics/conosur.jpg rel=lightbox>From Bird Sounds of Southern South America by Lopez-Lanus (2008)</a>","unknown","unknown",NA,NA,NA,NA,NA,NA,NA,NA
"55600","Phaethornis","eurynome","","Scale-throated Hermit","Myriam Velazquez","Paraguay","Monumento Moises Bertoni, Alto Parana",NA,NA,"song","//www.xeno-canto.org/55600/download","//creativecommons.org/licenses/by-nc-nd/2.5/","//www.xeno-canto.org/55600","B","?:?","2000-09-22","?","//www.xeno-canto.org/sounds/uploaded/BSSDZACLHP/ffts/XC55600-small.png","//www.xeno-canto.org/sounds/uploaded/BSSDZACLHP/ffts/XC55600-med.png","//www.xeno-canto.org/sounds/uploaded/BSSDZACLHP/ffts/XC55600-large.png","//www.xeno-canto.org/sounds/uploaded/BSSDZACLHP/ffts/XC55600-full.png","0:05","2010-06-16","","<a href=http://www.xeno-canto.org/graphics/conosur.jpg rel=lightbox>From Bird Sounds of Southern South America by Lopez-Lanus (2008)</a>","unknown","unknown",NA,NA,NA,NA,NA,NA,NA,NA
"55599","Phaethornis","eurynome","","Scale-throated Hermit","Myriam Velazquez","Paraguay","Monumento Moises Bertoni, Alto Parana",NA,NA,"song","//www.xeno-canto.org/55599/download","//creativecommons.org/licenses/by-nc-nd/2.5/","//www.xeno-canto.org/55599","B","?:?","2000-09-21","?","//www.xeno-canto.org/sounds/uploaded/BSSDZACLHP/ffts/XC55599-small.png","//www.xeno-canto.org/sounds/uploaded/BSSDZACLHP/ffts/XC55599-med.png","//www.xeno-canto.org/sounds/uploaded/BSSDZACLHP/ffts/XC55599-large.png","//www.xeno-canto.org/sounds/uploaded/BSSDZACLHP/ffts/XC55599-full.png","0:28","2010-06-16","","<a href=http://www.xeno-canto.org/graphics/conosur.jpg rel=lightbox>From Bird Sounds of Southern South America by Lopez-Lanus (2008)</a>","unknown","unknown",NA,NA,NA,NA,NA,NA,NA,NA
"51338","Phaethornis","eurynome","","Scale-throated Hermit","Bernabe Lopez-Lanus","Argentina","Yacutinga Lodge, Andresito, Misiones","-25.716791","-54.414597","song","//www.xeno-canto.org/51338/download","//creativecommons.org/licenses/by-nc-sa/3.0/","//www.xeno-canto.org/51338","B","?:?","2005-08-14","?","//www.xeno-canto.org/sounds/uploaded/BYLLSJRVDZ/ffts/XC51338-small.png","//www.xeno-canto.org/sounds/uploaded/BYLLSJRVDZ/ffts/XC51338-med.png","//www.xeno-canto.org/sounds/uploaded/BYLLSJRVDZ/ffts/XC51338-large.png","//www.xeno-canto.org/sounds/uploaded/BYLLSJRVDZ/ffts/XC51338-full.png","0:41","2010-05-21","","<a href=http://www.xeno-canto.org/graphics/conosur.jpg rel=lightbox>From Bird Sounds of Southern South America by Lopez-Lanus (2008)</a>","unknown","unknown",NA,NA,NA,NA,NA,NA,NA,NA
"51337","Phaethornis","eurynome","","Scale-throated Hermit","Bernabe Lopez-Lanus","Argentina","Yacutinga Lodge, Andresito, Misiones","-25.716791","-54.414597","song","//www.xeno-canto.org/51337/download","//creativecommons.org/licenses/by-nc-sa/3.0/","//www.xeno-canto.org/51337","B","?:?","2005-08-14","?","//www.xeno-canto.org/sounds/uploaded/BYLLSJRVDZ/ffts/XC51337-small.png","//www.xeno-canto.org/sounds/uploaded/BYLLSJRVDZ/ffts/XC51337-med.png","//www.xeno-canto.org/sounds/uploaded/BYLLSJRVDZ/ffts/XC51337-large.png","//www.xeno-canto.org/sounds/uploaded/BYLLSJRVDZ/ffts/XC51337-full.png","0:10","2010-05-21","","<a href=http://www.xeno-canto.org/graphics/conosur.jpg rel=lightbox>From Bird Sounds of Southern South America by Lopez-Lanus (2008)</a>","unknown","unknown",NA,NA,NA,NA,NA,NA,NA,NA
"49472","Phaethornis","eurynome","","Scale-throated Hermit","Rosendo Fraga","Argentina","Misiones",NA,NA,"song","//www.xeno-canto.org/49472/download","//creativecommons.org/licenses/by-nc-nd/2.5/","//www.xeno-canto.org/49472","B","?:?","2004-11-27","?","//www.xeno-canto.org/sounds/uploaded/JQSYKZHEMB/ffts/XC49472-small.png","//www.xeno-canto.org/sounds/uploaded/JQSYKZHEMB/ffts/XC49472-med.png","//www.xeno-canto.org/sounds/uploaded/JQSYKZHEMB/ffts/XC49472-large.png","//www.xeno-canto.org/sounds/uploaded/JQSYKZHEMB/ffts/XC49472-full.png","0:24","2010-05-13","","male <a href=http://www.xeno-canto.org/graphics/conosur.jpg rel=lightbox>From Bird Sounds of Southern South America by Lopez-Lanus (2008)</a>","unknown","unknown",NA,NA,NA,NA,NA,NA,NA,NA
"49471","Phaethornis","eurynome","","Scale-throated Hermit","Rosendo Fraga","Argentina","Misiones",NA,NA,"song","//www.xeno-canto.org/49471/download","//creativecommons.org/licenses/by-nc-nd/2.5/","//www.xeno-canto.org/49471","B","?:?","2004-11-26","?","//www.xeno-canto.org/sounds/uploaded/JQSYKZHEMB/ffts/XC49471-small.png","//www.xeno-canto.org/sounds/uploaded/JQSYKZHEMB/ffts/XC49471-med.png","//www.xeno-canto.org/sounds/uploaded/JQSYKZHEMB/ffts/XC49471-large.png","//www.xeno-canto.org/sounds/uploaded/JQSYKZHEMB/ffts/XC49471-full.png","0:09","2010-05-13","","male <a href=http://www.xeno-canto.org/graphics/conosur.jpg rel=lightbox>From Bird Sounds of Southern South America by Lopez-Lanus (2008)</a>","unknown","unknown",NA,NA,NA,NA,NA,NA,NA,NA
"46171","Phaethornis","eurynome","","Scale-throated Hermit","Evair Legal","Brazil","Reserva Biológica Estadual da Canela Preta, Botuverá Santa Catarina","-27.27","-49.142","call","//www.xeno-canto.org/46171/download","//creativecommons.org/licenses/by-nc-nd/2.5/","//www.xeno-canto.org/46171","B","08:00","2010-04-01","600","//www.xeno-canto.org/sounds/uploaded/SMJXFKLATM/ffts/XC46171-small.png","//www.xeno-canto.org/sounds/uploaded/SMJXFKLATM/ffts/XC46171-med.png","//www.xeno-canto.org/sounds/uploaded/SMJXFKLATM/ffts/XC46171-large.png","//www.xeno-canto.org/sounds/uploaded/SMJXFKLATM/ffts/XC46171-full.png","0:23","2010-04-02","","","unknown","unknown",NA,NA,NA,NA,NA,NA,NA,NA
"43287","Phaethornis","eurynome","","Scale-throated Hermit","Evair Legal","Brazil","RPPN Prima Luna, Nova Trento, Santa Catarina  ","-27.258","-49.02","call","//www.xeno-canto.org/43287/download","//creativecommons.org/licenses/by-nc-nd/2.5/","//www.xeno-canto.org/43287","B","?","2010-01-20","550","//www.xeno-canto.org/sounds/uploaded/SMJXFKLATM/ffts/XC43287-small.png","//www.xeno-canto.org/sounds/uploaded/SMJXFKLATM/ffts/XC43287-med.png","//www.xeno-canto.org/sounds/uploaded/SMJXFKLATM/ffts/XC43287-large.png","//www.xeno-canto.org/sounds/uploaded/SMJXFKLATM/ffts/XC43287-full.png","0:10","2010-01-22","","","unknown","unknown",NA,NA,NA,NA,NA,NA,NA,NA
"42837","Phaethornis","eurynome","","Scale-throated Hermit","Evair Legal","Brazil","Salseiro, Vidal Ramos, Santa Catarina","-27.39726","-49.379082","call","//www.xeno-canto.org/42837/download","//creativecommons.org/licenses/by-nc-nd/2.5/","//www.xeno-canto.org/42837","B","?","2010-01-16","550","//www.xeno-canto.org/sounds/uploaded/SMJXFKLATM/ffts/XC42837-small.png","//www.xeno-canto.org/sounds/uploaded/SMJXFKLATM/ffts/XC42837-med.png","//www.xeno-canto.org/sounds/uploaded/SMJXFKLATM/ffts/XC42837-large.png","//www.xeno-canto.org/sounds/uploaded/SMJXFKLATM/ffts/XC42837-full.png","0:04","2010-01-18","Chiroxiphia caudata","","unknown","unknown",NA,NA,NA,NA,NA,NA,NA,NA
"28420","Phaethornis","eurynome","","Scale-throated Hermit","Adrian Eisen Rupp","Brazil","Morro do Cachorro, Blumenau, Santa Catarina","-26.7776","-49.0401","call","//www.xeno-canto.org/28420/download","//creativecommons.org/licenses/by-nc-nd/2.5/","//www.xeno-canto.org/28420","B","?","2009-01-13","500","//www.xeno-canto.org/sounds/uploaded/AOPMSCIDIA/ffts/XC28420-small.png","//www.xeno-canto.org/sounds/uploaded/AOPMSCIDIA/ffts/XC28420-med.png","//www.xeno-canto.org/sounds/uploaded/AOPMSCIDIA/ffts/XC28420-large.png","//www.xeno-canto.org/sounds/uploaded/AOPMSCIDIA/ffts/XC28420-full.png","0:48","2009-01-14",NA,"","unknown","unknown","Attila phoenicurus","Vireo chivi",NA,NA,NA,NA,NA,NA
"24518","Phaethornis","eurynome","","Scale-throated Hermit","Adrian Eisen Rupp","Brazil","Gleba maior Reserva Biológica Estadual do Sassafrás, Doutor Pedrinho, Santa Catarina","-26.7117","-49.6756","call","//www.xeno-canto.org/24518/download","//creativecommons.org/licenses/by-nc-nd/2.5/","//www.xeno-canto.org/24518","B","7:20","2008-09-12","920","//www.xeno-canto.org/sounds/uploaded/AOPMSCIDIA/ffts/XC24518-small.png","//www.xeno-canto.org/sounds/uploaded/AOPMSCIDIA/ffts/XC24518-med.png","//www.xeno-canto.org/sounds/uploaded/AOPMSCIDIA/ffts/XC24518-large.png","//www.xeno-canto.org/sounds/uploaded/AOPMSCIDIA/ffts/XC24518-full.png","0:25","2008-11-25","Pyrrhura frontalis","","unknown","unknown",NA,NA,NA,NA,NA,NA,NA,NA
"20366","Phaethornis","eurynome","","Scale-throated Hermit","Bradley Davis","Brazil","Parque Estadual Intervales, SP","-24.2759","-48.4181","song","//www.xeno-canto.org/20366/download","//creativecommons.org/licenses/by-nc-nd/2.5/","//www.xeno-canto.org/20366","B","07:02","2008-04-07","800","//www.xeno-canto.org/sounds/uploaded/YNXJLOESBB/ffts/XC20366-small.png","//www.xeno-canto.org/sounds/uploaded/YNXJLOESBB/ffts/XC20366-med.png","//www.xeno-canto.org/sounds/uploaded/YNXJLOESBB/ffts/XC20366-large.png","//www.xeno-canto.org/sounds/uploaded/YNXJLOESBB/ffts/XC20366-full.png","0:59","2008-11-20","","","unknown","unknown",NA,NA,NA,NA,NA,NA,NA,NA
"14720","Phaethornis","eurynome","","Scale-throated Hermit","Alberto Esquivel","Paraguay","PROCOSARA, PN San Rafael","-26.48333","-55.71667","?","//www.xeno-canto.org/14720/download","//creativecommons.org/licenses/by-nc-nd/2.5/","//www.xeno-canto.org/14720","B","11:35","2007-06-18","200","//www.xeno-canto.org/sounds/uploaded/YSQYERNZZO/ffts/XC14720-small.png","//www.xeno-canto.org/sounds/uploaded/YSQYERNZZO/ffts/XC14720-med.png","//www.xeno-canto.org/sounds/uploaded/YSQYERNZZO/ffts/XC14720-large.png","//www.xeno-canto.org/sounds/uploaded/YSQYERNZZO/ffts/XC14720-full.png","0:20","2008-11-20","Tolmomyias sulphurescens","","unknown","unknown",NA,NA,NA,NA,NA,NA,NA,NA
"10245","Phaethornis","eurynome","","Scale-throated Hermit","Luiz Fernando Figueiredo","Brazil","Caieiras, SP","-23.36417","-46.74056","song","//www.xeno-canto.org/10245/download","//creativecommons.org/licenses/by-nc-nd/2.5/","//www.xeno-canto.org/10245","B","?","0000-00-00","760","//www.xeno-canto.org/sounds/uploaded/EYYKGDWADQ/ffts/XC10245-small.png","//www.xeno-canto.org/sounds/uploaded/EYYKGDWADQ/ffts/XC10245-med.png","//www.xeno-canto.org/sounds/uploaded/EYYKGDWADQ/ffts/XC10245-large.png","//www.xeno-canto.org/sounds/uploaded/EYYKGDWADQ/ffts/XC10245-full.png","0:07","2008-11-20","","","unknown","unknown",NA,NA,NA,NA,NA,NA,NA,NA
"8472","Phaethornis","eurynome","","Scale-throated Hermit","Ricardo Gagliardi","Brazil","Serra dos Órgãos National Park - RJ","-22.448","-43.01","lekking","//www.xeno-canto.org/8472/download","//creativecommons.org/licenses/by-nc-nd/2.5/","//www.xeno-canto.org/8472","B","09:45","2005-10-06","1100","//www.xeno-canto.org/sounds/uploaded/YRDADNREOP/ffts/XC8472-small.png","//www.xeno-canto.org/sounds/uploaded/YRDADNREOP/ffts/XC8472-med.png","//www.xeno-canto.org/sounds/uploaded/YRDADNREOP/ffts/XC8472-large.png","//www.xeno-canto.org/sounds/uploaded/YRDADNREOP/ffts/XC8472-full.png","0:18","2008-11-20","","","unknown","unknown",NA,NA,NA,NA,NA,NA,NA,NA
"5450","Phaethornis","eurynome","","Scale-throated Hermit","Richard C. Hoyer","Brazil","Boa Nova, Wet Forest, state of Bahia","-14.3834","-40.1001","song","//www.xeno-canto.org/5450/download","//creativecommons.org/licenses/by-nc-nd/2.5/","//www.xeno-canto.org/5450","B","15:15","2005-10-03","760","//www.xeno-canto.org/sounds/uploaded/SRRRBQPENI/ffts/XC5450-small.png","//www.xeno-canto.org/sounds/uploaded/SRRRBQPENI/ffts/XC5450-med.png","//www.xeno-canto.org/sounds/uploaded/SRRRBQPENI/ffts/XC5450-large.png","//www.xeno-canto.org/sounds/uploaded/SRRRBQPENI/ffts/XC5450-full.png","0:08","2008-11-20","","","unknown","unknown",NA,NA,NA,NA,NA,NA,NA,NA
"4812","Phaethornis","eurynome","","Scale-throated Hermit","Bob Planqué","Brazil","Parque do Zizo, Sao Paulo State","-24.017146","-47.81044","song","//www.xeno-canto.org/4812/download","//creativecommons.org/licenses/by-nc-sa/3.0/","//www.xeno-canto.org/4812","B","6:15","2005-11-19","630","//www.xeno-canto.org/sounds/uploaded/OH38YHKJBS/ffts/XC4812-small.png","//www.xeno-canto.org/sounds/uploaded/OH38YHKJBS/ffts/XC4812-med.png","//www.xeno-canto.org/sounds/uploaded/OH38YHKJBS/ffts/XC4812-large.png","//www.xeno-canto.org/sounds/uploaded/OH38YHKJBS/ffts/XC4812-full.png","0:27","2008-11-20",NA,"","unknown","unknown","Lipaugus lanioides","Attila phoenicurus","Myiodynastes maculatus","Trogon viridis",NA,NA,NA,NA
"427759","Phaethornis","eurynome","","Scale-throated Hermit","Caio Brito","Brazil","Mata do Charme, Boa Nova-BA, Bahia","-14.412322","-40.128673","canto","//www.xeno-canto.org/427759/download","//creativecommons.org/licenses/by-nc-sa/4.0/","//www.xeno-canto.org/427759","C","08:15","2016-09-06","780","//www.xeno-canto.org/sounds/uploaded/YWWWUBVAJF/ffts/XC427759-small.png","//www.xeno-canto.org/sounds/uploaded/YWWWUBVAJF/ffts/XC427759-med.png","//www.xeno-canto.org/sounds/uploaded/YWWWUBVAJF/ffts/XC427759-large.png","//www.xeno-canto.org/sounds/uploaded/YWWWUBVAJF/ffts/XC427759-full.png","0:08","2018-07-23","Myiophobus fasciatus","habitat:Mata Úmida;
recorder:Sony PCM-M10;
microphone:Não;
volume setting:7.;
weather:Ensolarado;","unknown","unknown",NA,NA,NA,NA,NA,NA,NA,NA
"358660","Phaethornis","eurynome","","Scale-throated Hermit","Luis Pradier","Argentina","General Manuel Belgrano, Misiónes","-25.533","-54.136","alarm call, call","//www.xeno-canto.org/358660/download","//creativecommons.org/licenses/by-nc-sa/4.0/","//www.xeno-canto.org/358660","C","08:00","2016-04-09","240","//www.xeno-canto.org/sounds/uploaded/FHXVKPJNFP/ffts/XC358660-small.png","//www.xeno-canto.org/sounds/uploaded/FHXVKPJNFP/ffts/XC358660-med.png","//www.xeno-canto.org/sounds/uploaded/FHXVKPJNFP/ffts/XC358660-large.png","//www.xeno-canto.org/sounds/uploaded/FHXVKPJNFP/ffts/XC358660-full.png","0:11","2017-03-11",NA,"Un individuo en borde de selva. Surucua Reserva & Ecolodge.","yes","no","Turdus leucomelas","Schiffornis virescens","Cacicus haemorrhous",NA,NA,NA,NA,NA
"154386","Phaethornis","eurynome","paraguayensis","Scale-throated Hermit","Bernabe Lopez-Lanus","Argentina","Reserva Yasi Yatere (area PP Mocona), El Soberbio, Guarani, Misiones","-27.275","-54.1928","song","//www.xeno-canto.org/154386/download","//creativecommons.org/licenses/by-nc-sa/3.0/","//www.xeno-canto.org/154386","C","07:30","2012-12-27","140","//www.xeno-canto.org/sounds/uploaded/BYLLSJRVDZ/ffts/XC154386-small.png","//www.xeno-canto.org/sounds/uploaded/BYLLSJRVDZ/ffts/XC154386-med.png","//www.xeno-canto.org/sounds/uploaded/BYLLSJRVDZ/ffts/XC154386-large.png","//www.xeno-canto.org/sounds/uploaded/BYLLSJRVDZ/ffts/XC154386-full.png","1:07","2013-11-14","","","yes","yes",NA,NA,NA,NA,NA,NA,NA,NA
"154385","Phaethornis","eurynome","paraguayensis","Scale-throated Hermit","Bernabe Lopez-Lanus","Argentina","Reserva Yasi Yatere (area PP Mocona), El Soberbio, Guarani, Misiones","-27.275","-54.1928","song","//www.xeno-canto.org/154385/download","//creativecommons.org/licenses/by-nc-sa/3.0/","//www.xeno-canto.org/154385","C","07:30","2012-12-27","140","//www.xeno-canto.org/sounds/uploaded/BYLLSJRVDZ/ffts/XC154385-small.png","//www.xeno-canto.org/sounds/uploaded/BYLLSJRVDZ/ffts/XC154385-med.png","//www.xeno-canto.org/sounds/uploaded/BYLLSJRVDZ/ffts/XC154385-large.png","//www.xeno-canto.org/sounds/uploaded/BYLLSJRVDZ/ffts/XC154385-full.png","0:44","2013-11-14","","","no","no",NA,NA,NA,NA,NA,NA,NA,NA
"141592","Phaethornis","eurynome","","Scale-throated Hermit","João Gava","Brazil","Reserva Biológica do Aguaí, Nova Veneza, Santa Catarina, Santa Catarina","-28.6494","-49.6695","call","//www.xeno-canto.org/141592/download","//creativecommons.org/licenses/by-nc-sa/3.0/","//www.xeno-canto.org/141592","C","14:00","2013-06-04","320","//www.xeno-canto.org/sounds/uploaded/CEKMJEZKSJ/ffts/XC141592-small.png","//www.xeno-canto.org/sounds/uploaded/CEKMJEZKSJ/ffts/XC141592-med.png","//www.xeno-canto.org/sounds/uploaded/CEKMJEZKSJ/ffts/XC141592-large.png","//www.xeno-canto.org/sounds/uploaded/CEKMJEZKSJ/ffts/XC141592-full.png","0:04","2013-07-04","","","yes","no",NA,NA,NA,NA,NA,NA,NA,NA
"14365","Phaethornis","eurynome","","Scale-throated Hermit","Paul Smith","Paraguay","PROCOSARA, PN San Rafael","-26.48333","-55.71667","call","//www.xeno-canto.org/14365/download","//creativecommons.org/licenses/by-nc-nd/2.5/","//www.xeno-canto.org/14365","C","10.00","2007-03-24","300","//www.xeno-canto.org/sounds/uploaded/QEQQOPLWSO/ffts/XC14365-small.png","//www.xeno-canto.org/sounds/uploaded/QEQQOPLWSO/ffts/XC14365-med.png","//www.xeno-canto.org/sounds/uploaded/QEQQOPLWSO/ffts/XC14365-large.png","//www.xeno-canto.org/sounds/uploaded/QEQQOPLWSO/ffts/XC14365-full.png","0:07","2008-11-20",NA,"score for recording","unknown","unknown","Basileuterus culicivorus","Leptopogon amaurocephalus",NA,NA,NA,NA,NA,NA
"118511","Phaethornis","eurynome","","Scale-throated Hermit","GABRIEL LEITE","Brazil","São Luiz do Paraitinga, São Paulo","-23.3309","-45.1566","call, song","//www.xeno-canto.org/118511/download","//creativecommons.org/licenses/by-nc-sa/3.0/","//www.xeno-canto.org/118511","D","07:30","2011-11-03","1000","//www.xeno-canto.org/sounds/uploaded/TGBFXDVERJ/ffts/XC118511-small.png","//www.xeno-canto.org/sounds/uploaded/TGBFXDVERJ/ffts/XC118511-med.png","//www.xeno-canto.org/sounds/uploaded/TGBFXDVERJ/ffts/XC118511-large.png","//www.xeno-canto.org/sounds/uploaded/TGBFXDVERJ/ffts/XC118511-full.png","0:20","2013-01-19","Procnias nudicollis","","yes","no",NA,NA,NA,NA,NA,NA,NA,NA
"15888","Phaethornis","eurynome","","Scale-throated Hermit","Ricardo Gagliardi","Brazil","Serra dos Órgãos National Park - RJ","-22.448","-43.01","lek","//www.xeno-canto.org/15888/download","//creativecommons.org/licenses/by-nc-nd/2.5/","//www.xeno-canto.org/15888","D","08:40","2007-09-08","1300","//www.xeno-canto.org/sounds/uploaded/YRDADNREOP/ffts/XC15888-small.png","//www.xeno-canto.org/sounds/uploaded/YRDADNREOP/ffts/XC15888-med.png","//www.xeno-canto.org/sounds/uploaded/YRDADNREOP/ffts/XC15888-large.png","//www.xeno-canto.org/sounds/uploaded/YRDADNREOP/ffts/XC15888-full.png","0:41","2008-11-20","","","unknown","unknown",NA,NA,NA,NA,NA,NA,NA,NA
"21603","Phaethornis","eurynome","","Scale-throated Hermit","Eduardo Patrial","Brazil","Parque Estadual Mata dos Godoy, Londrina, Parana","-23.4501","-51.2334","song","//www.xeno-canto.org/21603/download","//creativecommons.org/licenses/by-nc-nd/2.5/","//www.xeno-canto.org/21603","E","11:10","2008-07-14","520","//www.xeno-canto.org/sounds/uploaded/QEFRRVCRRP/ffts/XC21603-small.png","//www.xeno-canto.org/sounds/uploaded/QEFRRVCRRP/ffts/XC21603-med.png","//www.xeno-canto.org/sounds/uploaded/QEFRRVCRRP/ffts/XC21603-large.png","//www.xeno-canto.org/sounds/uploaded/QEFRRVCRRP/ffts/XC21603-full.png","0:32","2008-11-20","","","unknown","unknown",NA,NA,NA,NA,NA,NA,NA,NA
"496462","Phaethornis","pretrei","","Planalto Hermit","Fernando Igor de Godoy","Brazil","Dois Córregos, São Paulo","-22.3734","-48.3861","flight call","//www.xeno-canto.org/496462/download","//creativecommons.org/licenses/by-nc-sa/4.0/","//www.xeno-canto.org/496462","no score","06:00","2016-12-15","700","//www.xeno-canto.org/sounds/uploaded/CHDHFSVVIN/ffts/XC496462-small.png","//www.xeno-canto.org/sounds/uploaded/CHDHFSVVIN/ffts/XC496462-med.png","//www.xeno-canto.org/sounds/uploaded/CHDHFSVVIN/ffts/XC496462-large.png","//www.xeno-canto.org/sounds/uploaded/CHDHFSVVIN/ffts/XC496462-full.png","0:16","2019-09-09","","FCF01875 - Fonoteca Casa da Floresta.","yes","no",NA,NA,NA,NA,NA,NA,NA,NA
"428919","Phaethornis","pretrei","","Planalto Hermit","Daniel Blamires","Brazil","Pirenópolis, Goiás","-15.8456","-48.9582","call","//www.xeno-canto.org/428919/download","//creativecommons.org/licenses/by-nc-sa/4.0/","//www.xeno-canto.org/428919","no score","11:36","2018-07-14","800","//www.xeno-canto.org/sounds/uploaded/ZLNOGADASD/ffts/XC428919-small.png","//www.xeno-canto.org/sounds/uploaded/ZLNOGADASD/ffts/XC428919-med.png","//www.xeno-canto.org/sounds/uploaded/ZLNOGADASD/ffts/XC428919-large.png","//www.xeno-canto.org/sounds/uploaded/ZLNOGADASD/ffts/XC428919-full.png","0:19","2018-07-31",NA,"In Abade's waterfall with family.","no","no","Antilophia galeata","Stelgidopteryx ruficollis",NA,NA,NA,NA,NA,NA
"400263","Phaethornis","pretrei","","Planalto Hermit","Breno Dias Vitorino","Brazil","Porto Estrela, Mato Grosso","-15.6421","-57.1899","song","//www.xeno-canto.org/400263/download","//creativecommons.org/licenses/by-nc-sa/4.0/","//www.xeno-canto.org/400263","no score","06:30","2017-08-30","aproximadamente 700 metros","//www.xeno-canto.org/sounds/uploaded/YMDBIDPPRD/ffts/XC400263-small.png","//www.xeno-canto.org/sounds/uploaded/YMDBIDPPRD/ffts/XC400263-med.png","//www.xeno-canto.org/sounds/uploaded/YMDBIDPPRD/ffts/XC400263-large.png","//www.xeno-canto.org/sounds/uploaded/YMDBIDPPRD/ffts/XC400263-full.png","0:09","2018-01-22","","","unknown","unknown",NA,NA,NA,NA,NA,NA,NA,NA
"211684","Phaethornis","pretrei","","Planalto Hermit","Fernando Igor de Godoy","Brazil","FLONA da Ipanema, Ipero","-23.43","-47.599","song","//www.xeno-canto.org/211684/download","//creativecommons.org/licenses/by-nc-sa/4.0/","//www.xeno-canto.org/211684","no score","06:00","2011-05-16","550","//www.xeno-canto.org/sounds/uploaded/CHDHFSVVIN/ffts/XC211684-small.png","//www.xeno-canto.org/sounds/uploaded/CHDHFSVVIN/ffts/XC211684-med.png","//www.xeno-canto.org/sounds/uploaded/CHDHFSVVIN/ffts/XC211684-large.png","//www.xeno-canto.org/sounds/uploaded/CHDHFSVVIN/ffts/XC211684-full.png","0:50","2015-01-30","","","unknown","unknown",NA,NA,NA,NA,NA,NA,NA,NA
"152626","Phaethornis","pretrei","","Planalto Hermit","Luiz C.  Silva","Brazil","Estrada boiadeira, Tuneiras do Oeste.","-23.9165","-52.7425","song","//www.xeno-canto.org/152626/download","//creativecommons.org/licenses/by-nc-sa/3.0/","//www.xeno-canto.org/152626","no score","16:30","2013-10-20","500","//www.xeno-canto.org/sounds/uploaded/ORPKXJRFDZ/ffts/XC152626-small.png","//www.xeno-canto.org/sounds/uploaded/ORPKXJRFDZ/ffts/XC152626-med.png","//www.xeno-canto.org/sounds/uploaded/ORPKXJRFDZ/ffts/XC152626-large.png","//www.xeno-canto.org/sounds/uploaded/ORPKXJRFDZ/ffts/XC152626-full.png","1:04","2013-10-25","","","no","no",NA,NA,NA,NA,NA,NA,NA,NA
"470031","Phaethornis","pretrei","","Planalto Hermit","JAYRSON ARAUJO DE OLIVEIRA","Brazil","Setor  Samambaia, mata seca, perto da UFG-Agronomia, Goiânia-Goiás","-16.6003","-49.2802","flight call, song","//www.xeno-canto.org/470031/download","//creativecommons.org/licenses/by-nc-sa/4.0/","//www.xeno-canto.org/470031","A","6:54","2019-04-12","750","//www.xeno-canto.org/sounds/uploaded/LXKLWEDKEM/ffts/XC470031-small.png","//www.xeno-canto.org/sounds/uploaded/LXKLWEDKEM/ffts/XC470031-med.png","//www.xeno-canto.org/sounds/uploaded/LXKLWEDKEM/ffts/XC470031-large.png","//www.xeno-canto.org/sounds/uploaded/LXKLWEDKEM/ffts/XC470031-full.png","0:06","2019-05-02","","","yes","no",NA,NA,NA,NA,NA,NA,NA,NA
"466371","Phaethornis","pretrei","","Planalto Hermit","JAYRSON ARAUJO DE OLIVEIRA","Brazil","Setor  Samambaia, mata seca, perto da UFG-Agronomia, Goiânia-Goiás","-16.6003","-49.2802","song","//www.xeno-canto.org/466371/download","//creativecommons.org/licenses/by-nc-sa/4.0/","//www.xeno-canto.org/466371","A","7:00","2019-04-12","750","//www.xeno-canto.org/sounds/uploaded/LXKLWEDKEM/ffts/XC466371-small.png","//www.xeno-canto.org/sounds/uploaded/LXKLWEDKEM/ffts/XC466371-med.png","//www.xeno-canto.org/sounds/uploaded/LXKLWEDKEM/ffts/XC466371-large.png","//www.xeno-canto.org/sounds/uploaded/LXKLWEDKEM/ffts/XC466371-full.png","0:06","2019-04-12","","","yes","no",NA,NA,NA,NA,NA,NA,NA,NA
"465152","Phaethornis","pretrei","","Planalto Hermit","JAYRSON ARAUJO DE OLIVEIRA","Brazil","Setor  Samambaia, mata seca, perto da UFG-Agronomia, Goiânia-Goiás","-16.6003","-49.2802","song","//www.xeno-canto.org/465152/download","//creativecommons.org/licenses/by-nc-sa/4.0/","//www.xeno-canto.org/465152","A","7:05","2019-04-04","750","//www.xeno-canto.org/sounds/uploaded/LXKLWEDKEM/ffts/XC465152-small.png","//www.xeno-canto.org/sounds/uploaded/LXKLWEDKEM/ffts/XC465152-med.png","//www.xeno-canto.org/sounds/uploaded/LXKLWEDKEM/ffts/XC465152-large.png","//www.xeno-canto.org/sounds/uploaded/LXKLWEDKEM/ffts/XC465152-full.png","0:23","2019-04-05",NA,"","no","no","Patagioenas picazuro","Cantorchilus leucotis",NA,NA,NA,NA,NA,NA
"427763","Phaethornis","pretrei","","Planalto Hermit","Caio Brito","Brazil","Área 8 - Consultoria Terracal, Guadalupe-PI, Piauí","-6.9232","-43.4368","canto","//www.xeno-canto.org/427763/download","//creativecommons.org/licenses/by-nc-sa/4.0/","//www.xeno-canto.org/427763","A","06:05","2015-03-20","140","//www.xeno-canto.org/sounds/uploaded/YWWWUBVAJF/ffts/XC427763-small.png","//www.xeno-canto.org/sounds/uploaded/YWWWUBVAJF/ffts/XC427763-med.png","//www.xeno-canto.org/sounds/uploaded/YWWWUBVAJF/ffts/XC427763-large.png","//www.xeno-canto.org/sounds/uploaded/YWWWUBVAJF/ffts/XC427763-full.png","0:24","2018-07-23",NA,"habitat:Cerrado/Caatinga;
recorder:Sony PCM-M10;
microphone:Sennheiser ME-066;
volume setting:5.;
weather:Nublado;","unknown","unknown","Diopsittaca nobilis","Gnorimopsar chopi",NA,NA,NA,NA,NA,NA
"419286","Phaethornis","pretrei","","Planalto Hermit","JAYRSON ARAUJO DE OLIVEIRA","Brazil","Santa Rita do Novo Destino, Goiás, Chácara Jayrson","-14.625","-49.0051","song","//www.xeno-canto.org/419286/download","//creativecommons.org/licenses/by-nc-sa/4.0/","//www.xeno-canto.org/419286","A","16:48","2017-11-24","500","//www.xeno-canto.org/sounds/uploaded/LXKLWEDKEM/ffts/XC419286-small.png","//www.xeno-canto.org/sounds/uploaded/LXKLWEDKEM/ffts/XC419286-med.png","//www.xeno-canto.org/sounds/uploaded/LXKLWEDKEM/ffts/XC419286-large.png","//www.xeno-canto.org/sounds/uploaded/LXKLWEDKEM/ffts/XC419286-full.png","0:10","2018-06-07","","","yes","no",NA,NA,NA,NA,NA,NA,NA,NA
"316870","Phaethornis","pretrei","","Planalto Hermit","Daniel Blamires","Brazil","Israelândia, Israelândia, Goiás","-16.3198","-50.9076","call","//www.xeno-canto.org/316870/download","//creativecommons.org/licenses/by-nc-sa/4.0/","//www.xeno-canto.org/316870","A","08:20","2016-04-16","420","//www.xeno-canto.org/sounds/uploaded/ZLNOGADASD/ffts/XC316870-small.png","//www.xeno-canto.org/sounds/uploaded/ZLNOGADASD/ffts/XC316870-med.png","//www.xeno-canto.org/sounds/uploaded/ZLNOGADASD/ffts/XC316870-large.png","//www.xeno-canto.org/sounds/uploaded/ZLNOGADASD/ffts/XC316870-full.png","0:14","2016-05-16",NA,"In dry forest next to a Dam at the base of Pesque Pague Projeto Pirarucu.","no","no","Eupsittula aurea","Aramides cajaneus",NA,NA,NA,NA,NA,NA
"288550","Phaethornis","pretrei","","Planalto Hermit","Marcelo Villegas","Brazil","Rio Verde, Rio Verde, Goiás","-17.5855","-51.1138","call","//www.xeno-canto.org/288550/download","//creativecommons.org/licenses/by-nc-sa/4.0/","//www.xeno-canto.org/288550","A","17:00","2014-10-28","750","//www.xeno-canto.org/sounds/uploaded/YWTZVKKHKP/ffts/XC288550-small.png","//www.xeno-canto.org/sounds/uploaded/YWTZVKKHKP/ffts/XC288550-med.png","//www.xeno-canto.org/sounds/uploaded/YWTZVKKHKP/ffts/XC288550-large.png","//www.xeno-canto.org/sounds/uploaded/YWTZVKKHKP/ffts/XC288550-full.png","0:12","2015-11-03","","","yes","no",NA,NA,NA,NA,NA,NA,NA,NA
"178110","Phaethornis","pretrei","","Planalto Hermit","Douglas Meyer","Brazil","Itabirito, Minas Gerais","-20.2506","-43.8043","flight call","//www.xeno-canto.org/178110/download","//creativecommons.org/licenses/by-nc-sa/4.0/","//www.xeno-canto.org/178110","A","06:50","2013-04-25","850","//www.xeno-canto.org/sounds/uploaded/MNENFHYTAE/ffts/XC178110-small.png","//www.xeno-canto.org/sounds/uploaded/MNENFHYTAE/ffts/XC178110-med.png","//www.xeno-canto.org/sounds/uploaded/MNENFHYTAE/ffts/XC178110-large.png","//www.xeno-canto.org/sounds/uploaded/MNENFHYTAE/ffts/XC178110-full.png","0:22","2014-05-13","","","yes","no",NA,NA,NA,NA,NA,NA,NA,NA
"121918","Phaethornis","pretrei","","Planalto Hermit","Dan Lane","Brazil","Serra de Baturité, Ceará","-4.2334","-38.9167","song","//www.xeno-canto.org/121918/download","//creativecommons.org/licenses/by-nc-sa/3.0/","//www.xeno-canto.org/121918","A","17:00","2013-01-14","800","//www.xeno-canto.org/sounds/uploaded/WOEAFQRMUD/ffts/XC121918-small.png","//www.xeno-canto.org/sounds/uploaded/WOEAFQRMUD/ffts/XC121918-med.png","//www.xeno-canto.org/sounds/uploaded/WOEAFQRMUD/ffts/XC121918-large.png","//www.xeno-canto.org/sounds/uploaded/WOEAFQRMUD/ffts/XC121918-full.png","1:12","2013-02-19",NA,"Response to playback from a bird about 3m up in scrubby second-growth along edge of a wet valley bottom near houses.","yes","yes","Turdus leucomelas","Arremon taciturnus","Troglodytes aedon","Basileuterus culicivorus","Elaenia flavogaster","Myiozetetes similis",NA,NA
"115189","Phaethornis","pretrei","","Planalto Hermit","Noé Eiterer","Brazil","Viçosa, Minas Gerais","-20.79","-42.8882","song","//www.xeno-canto.org/115189/download","//creativecommons.org/licenses/by-nc-sa/3.0/","//www.xeno-canto.org/115189","A","10:00","2011-05-10","800","//www.xeno-canto.org/sounds/uploaded/TWSKITNQOV/ffts/XC115189-small.png","//www.xeno-canto.org/sounds/uploaded/TWSKITNQOV/ffts/XC115189-med.png","//www.xeno-canto.org/sounds/uploaded/TWSKITNQOV/ffts/XC115189-large.png","//www.xeno-canto.org/sounds/uploaded/TWSKITNQOV/ffts/XC115189-full.png","1:18","2012-12-22","","","yes","yes",NA,NA,NA,NA,NA,NA,NA,NA
"110012","Phaethornis","pretrei","","Planalto Hermit","Kassius K. Santos","Brazil","",NA,NA,"song","//www.xeno-canto.org/110012/download","//creativecommons.org/licenses/by-nc-nd/2.5/","//www.xeno-canto.org/110012","A","7:15 AM","2012-07-03","772","//www.xeno-canto.org/sounds/uploaded/LDUBEBHXQK/ffts/XC110012-small.png","//www.xeno-canto.org/sounds/uploaded/LDUBEBHXQK/ffts/XC110012-med.png","//www.xeno-canto.org/sounds/uploaded/LDUBEBHXQK/ffts/XC110012-large.png","//www.xeno-canto.org/sounds/uploaded/LDUBEBHXQK/ffts/XC110012-full.png","0:21","2012-09-18","","","unknown","unknown",NA,NA,NA,NA,NA,NA,NA,NA
"62433","Phaethornis","pretrei","","Planalto Hermit","Herman van Oosten","Brazil","Road just before entrance Itatiaia NP","-22.4587","-44.5901","song","//www.xeno-canto.org/62433/download","//creativecommons.org/licenses/by-nc-nd/2.5/","//www.xeno-canto.org/62433","A","16:19","2010-08-29","700","//www.xeno-canto.org/sounds/uploaded/SNUDCZVUQK/ffts/XC62433-small.png","//www.xeno-canto.org/sounds/uploaded/SNUDCZVUQK/ffts/XC62433-med.png","//www.xeno-canto.org/sounds/uploaded/SNUDCZVUQK/ffts/XC62433-large.png","//www.xeno-canto.org/sounds/uploaded/SNUDCZVUQK/ffts/XC62433-full.png","0:19","2010-09-18","","Bird seen.","unknown","unknown",NA,NA,NA,NA,NA,NA,NA,NA
"48790","Phaethornis","pretrei","","Planalto Hermit","Bernabe Lopez-Lanus","Argentina","Serrania de Acambuco, Tartagal, Salta",NA,NA,"Call","//www.xeno-canto.org/48790/download","//creativecommons.org/licenses/by-nc-sa/3.0/","//www.xeno-canto.org/48790","A","?","2005-03-28","?","//www.xeno-canto.org/sounds/uploaded/BYLLSJRVDZ/ffts/XC48790-small.png","//www.xeno-canto.org/sounds/uploaded/BYLLSJRVDZ/ffts/XC48790-med.png","//www.xeno-canto.org/sounds/uploaded/BYLLSJRVDZ/ffts/XC48790-large.png","//www.xeno-canto.org/sounds/uploaded/BYLLSJRVDZ/ffts/XC48790-full.png","0:10","2010-05-09","","","unknown","unknown",NA,NA,NA,NA,NA,NA,NA,NA
"1766","Phaethornis","pretrei","","Planalto Hermit","Sjoerd Mayer","Bolivia","Samaipata, Santa Cruz","-18.1884","-63.8792","Song","//www.xeno-canto.org/1766/download","//creativecommons.org/licenses/by-nc-sa/3.0/","//www.xeno-canto.org/1766","A","18:30","1992-12-27","1630 - 1800","//www.xeno-canto.org/sounds/uploaded/KOIEAHGHNX/ffts/XC1766-small.png","//www.xeno-canto.org/sounds/uploaded/KOIEAHGHNX/ffts/XC1766-med.png","//www.xeno-canto.org/sounds/uploaded/KOIEAHGHNX/ffts/XC1766-large.png","//www.xeno-canto.org/sounds/uploaded/KOIEAHGHNX/ffts/XC1766-full.png","0:35","2008-11-20","Turdus rufiventris","After playback. cd:http://www.birdsongs.com/Bolivia/main.htm","unknown","unknown",NA,NA,NA,NA,NA,NA,NA,NA
"419473","Phaethornis","pretrei","","Planalto Hermit","Victor Antonelli","Brazil","Botucatu, São Paulo","-22.8842","-48.4442","song","//www.xeno-canto.org/419473/download","//creativecommons.org/licenses/by-nc-sa/4.0/","//www.xeno-canto.org/419473","B","10:30","2018-06-06","850","//www.xeno-canto.org/sounds/uploaded/KHIYVJPVWX/ffts/XC419473-small.png","//www.xeno-canto.org/sounds/uploaded/KHIYVJPVWX/ffts/XC419473-med.png","//www.xeno-canto.org/sounds/uploaded/KHIYVJPVWX/ffts/XC419473-large.png","//www.xeno-canto.org/sounds/uploaded/KHIYVJPVWX/ffts/XC419473-full.png","0:03","2018-06-08","","","yes","no",NA,NA,NA,NA,NA,NA,NA,NA
"385425","Phaethornis","pretrei","","Planalto Hermit","GABRIEL LEITE","Brazil","Piedade de Caratinga, Minas Gerais","-19.7957","-42.0547","flight call","//www.xeno-canto.org/385425/download","//creativecommons.org/licenses/by-nc-sa/4.0/","//www.xeno-canto.org/385425","B","07:00","2017-09-01","900","//www.xeno-canto.org/sounds/uploaded/TGBFXDVERJ/ffts/XC385425-small.png","//www.xeno-canto.org/sounds/uploaded/TGBFXDVERJ/ffts/XC385425-med.png","//www.xeno-canto.org/sounds/uploaded/TGBFXDVERJ/ffts/XC385425-large.png","//www.xeno-canto.org/sounds/uploaded/TGBFXDVERJ/ffts/XC385425-full.png","0:07","2017-09-07","","","yes","no",NA,NA,NA,NA,NA,NA,NA,NA
"345360","Phaethornis","pretrei","","Planalto Hermit","Tulio Dornas","Brazil","FLONA da Ipanema, Ipero","-23.43","-47.599","song","//www.xeno-canto.org/345360/download","//creativecommons.org/licenses/by-nc-sa/4.0/","//www.xeno-canto.org/345360","B","08:00","2012-03-21","550","//www.xeno-canto.org/sounds/uploaded/MTUQGBMRNC/ffts/XC345360-small.png","//www.xeno-canto.org/sounds/uploaded/MTUQGBMRNC/ffts/XC345360-med.png","//www.xeno-canto.org/sounds/uploaded/MTUQGBMRNC/ffts/XC345360-large.png","//www.xeno-canto.org/sounds/uploaded/MTUQGBMRNC/ffts/XC345360-full.png","0:45","2016-12-07","","","yes","no",NA,NA,NA,NA,NA,NA,NA,NA
"151159","Phaethornis","pretrei","","Planalto Hermit","Herman van Oosten","Peru","Tarapoto, San Martin","-6.5811","-76.3006","song","//www.xeno-canto.org/151159/download","//creativecommons.org/licenses/by-nc-sa/3.0/","//www.xeno-canto.org/151159","B","15:51","2013-09-22","220","//www.xeno-canto.org/sounds/uploaded/SNUDCZVUQK/ffts/XC151159-small.png","//www.xeno-canto.org/sounds/uploaded/SNUDCZVUQK/ffts/XC151159-med.png","//www.xeno-canto.org/sounds/uploaded/SNUDCZVUQK/ffts/XC151159-large.png","//www.xeno-canto.org/sounds/uploaded/SNUDCZVUQK/ffts/XC151159-full.png","0:27","2013-10-15","","ID supported by Dan Lane.","no","no",NA,NA,NA,NA,NA,NA,NA,NA
"150596","Phaethornis","pretrei","","Planalto Hermit","Herman van Oosten","Peru","Tarapoto, San Martin","-6.5201","-76.418","song","//www.xeno-canto.org/150596/download","//creativecommons.org/licenses/by-nc-sa/3.0/","//www.xeno-canto.org/150596","B","09:21","2013-09-19","340","//www.xeno-canto.org/sounds/uploaded/SNUDCZVUQK/ffts/XC150596-small.png","//www.xeno-canto.org/sounds/uploaded/SNUDCZVUQK/ffts/XC150596-med.png","//www.xeno-canto.org/sounds/uploaded/SNUDCZVUQK/ffts/XC150596-large.png","//www.xeno-canto.org/sounds/uploaded/SNUDCZVUQK/ffts/XC150596-full.png","0:38","2013-10-14","","Bird quite common here: large Phaetornis, very rufous rump. Seen flying around bush where this individual was singing but bird not seen singing: 95% certain. High-pass <400 Hz, volume not increased.","no","no",NA,NA,NA,NA,NA,NA,NA,NA
"149105","Phaethornis","pretrei","","Planalto Hermit","Dan Lane","Bolivia","Laguna Volcanes, Santa Cruz","-18.1206","-63.6471","flight call","//www.xeno-canto.org/149105/download","//creativecommons.org/licenses/by-nc-sa/3.0/","//www.xeno-canto.org/149105","B","07:30","2013-09-10","1100","//www.xeno-canto.org/sounds/uploaded/WOEAFQRMUD/ffts/XC149105-small.png","//www.xeno-canto.org/sounds/uploaded/WOEAFQRMUD/ffts/XC149105-med.png","//www.xeno-canto.org/sounds/uploaded/WOEAFQRMUD/ffts/XC149105-large.png","//www.xeno-canto.org/sounds/uploaded/WOEAFQRMUD/ffts/XC149105-full.png","0:06","2013-09-29",NA,"Natural flight calls from an unseen bird shortly after it stopped singing. Semi-deciduous forest in foothills.","no","no","Synallaxis scutata","Myiothlypis bivittata",NA,NA,NA,NA,NA,NA
"142242","Phaethornis","pretrei","","Planalto Hermit","Dan Lane","Peru","Quebrada Upaquihua, San Martin dept.","-6.7396","-76.354","song","//www.xeno-canto.org/142242/download","//creativecommons.org/licenses/by-nc-sa/3.0/","//www.xeno-canto.org/142242","B","10:30","2013-06-18","420","//www.xeno-canto.org/sounds/uploaded/WOEAFQRMUD/ffts/XC142242-small.png","//www.xeno-canto.org/sounds/uploaded/WOEAFQRMUD/ffts/XC142242-med.png","//www.xeno-canto.org/sounds/uploaded/WOEAFQRMUD/ffts/XC142242-large.png","//www.xeno-canto.org/sounds/uploaded/WOEAFQRMUD/ffts/XC142242-full.png","1:19","2013-07-11",NA,"Response to playback (of itself) from an unseen bird about 1m up in dense field-edge second growth in semi-deciduous valley.","no","yes","Elaenia spectabilis","Thamnophilus doliatus","Cyanocorax yncas","Cantorchilus leucotis","Cacicus solitarius","Myrmoborus leucophrys","Patagioenas subvinacea",NA
"128421","Phaethornis","pretrei","","Planalto Hermit","Marcus Braun","Brazil","Mata do Estado, São Vicente Férrer, Pernambuco","-7.6167","-35.5001","flight call","//www.xeno-canto.org/128421/download","//creativecommons.org/licenses/by-nc-nd/3.0/","//www.xeno-canto.org/128421","B","11:43","2012-02-05","500","//www.xeno-canto.org/sounds/uploaded/EICLYDGEKS/ffts/XC128421-small.png","//www.xeno-canto.org/sounds/uploaded/EICLYDGEKS/ffts/XC128421-med.png","//www.xeno-canto.org/sounds/uploaded/EICLYDGEKS/ffts/XC128421-large.png","//www.xeno-canto.org/sounds/uploaded/EICLYDGEKS/ffts/XC128421-full.png","0:04","2013-04-04","","","yes","no",NA,NA,NA,NA,NA,NA,NA,NA
"108645","Phaethornis","pretrei","","Planalto Hermit","Joao Menezes","Brazil","Eldorado, Mato Grosso do Sul state","-23.8501","-54.2537","perched calls","//www.xeno-canto.org/108645/download","//creativecommons.org/licenses/by-nc-nd/2.5/","//www.xeno-canto.org/108645","B","06:50","2009-07-07","340","//www.xeno-canto.org/sounds/uploaded/BEYMZHZHIB/ffts/XC108645-small.png","//www.xeno-canto.org/sounds/uploaded/BEYMZHZHIB/ffts/XC108645-med.png","//www.xeno-canto.org/sounds/uploaded/BEYMZHZHIB/ffts/XC108645-large.png","//www.xeno-canto.org/sounds/uploaded/BEYMZHZHIB/ffts/XC108645-full.png","0:20","2012-08-28","","","unknown","unknown",NA,NA,NA,NA,NA,NA,NA,NA
"103646","Phaethornis","pretrei","","Planalto Hermit","Daniel Blamires","Brazil","Iporá, State of Goiás","-16.4456","-51.1201","?","//www.xeno-canto.org/103646/download","//creativecommons.org/licenses/by-nc-nd/2.5/","//www.xeno-canto.org/103646","B","07:16","2012-06-01","650","//www.xeno-canto.org/sounds/uploaded/ZLNOGADASD/ffts/XC103646-small.png","//www.xeno-canto.org/sounds/uploaded/ZLNOGADASD/ffts/XC103646-med.png","//www.xeno-canto.org/sounds/uploaded/ZLNOGADASD/ffts/XC103646-large.png","//www.xeno-canto.org/sounds/uploaded/ZLNOGADASD/ffts/XC103646-full.png","0:31","2012-06-13","","Recorded in a swamp from Tamanduá Farm. I thank Stella K. Moreira and Kelma A. Santos to the helpful during fieldwork, and  Herman Reddies to the correct identification.","unknown","unknown",NA,NA,NA,NA,NA,NA,NA,NA
"85025","Phaethornis","pretrei","","Planalto Hermit","Jeremy Minns","Brazil","Morro do Pai Inácio, Chapada Diamantina, Bahia","-12.4576","-41.4734","Song","//www.xeno-canto.org/85025/download","//creativecommons.org/licenses/by-nc-sa/3.0/","//www.xeno-canto.org/85025","B","17:37","2004-03-27","1150","//www.xeno-canto.org/sounds/uploaded/DGVLLRYDXS/ffts/XC85025-small.png","//www.xeno-canto.org/sounds/uploaded/DGVLLRYDXS/ffts/XC85025-med.png","//www.xeno-canto.org/sounds/uploaded/DGVLLRYDXS/ffts/XC85025-large.png","//www.xeno-canto.org/sounds/uploaded/DGVLLRYDXS/ffts/XC85025-full.png","0:34","2011-08-02","","Campo rupestre. Several birds singing at dusk.","unknown","unknown",NA,NA,NA,NA,NA,NA,NA,NA
"51336","Phaethornis","pretrei","","Planalto Hermit","Bernabe Lopez-Lanus","Argentina","Acambuco, Tartagal, Salta","-22.193127","-63.94455","song","//www.xeno-canto.org/51336/download","//creativecommons.org/licenses/by-nc-sa/3.0/","//www.xeno-canto.org/51336","B","?:?","2005-03-28","?","//www.xeno-canto.org/sounds/uploaded/BYLLSJRVDZ/ffts/XC51336-small.png","//www.xeno-canto.org/sounds/uploaded/BYLLSJRVDZ/ffts/XC51336-med.png","//www.xeno-canto.org/sounds/uploaded/BYLLSJRVDZ/ffts/XC51336-large.png","//www.xeno-canto.org/sounds/uploaded/BYLLSJRVDZ/ffts/XC51336-full.png","0:09","2010-05-21","","<a href=http://www.xeno-canto.org/graphics/conosur.jpg rel=lightbox>From Bird Sounds of Southern South America by Lopez-Lanus (2008)</a>","unknown","unknown",NA,NA,NA,NA,NA,NA,NA,NA
"29142","Phaethornis","pretrei","","Planalto Hermit","Niels Krabbe","Argentina","Jujuy: PN Calilegua: Arroyo del Medio","-23.6834","-64.7501","song","//www.xeno-canto.org/29142/download","//creativecommons.org/licenses/by-nc-sa/3.0/","//www.xeno-canto.org/29142","B","18:45","2000-02-12","1000","//www.xeno-canto.org/sounds/uploaded/XTVEPHMPPJ/ffts/XC29142-small.png","//www.xeno-canto.org/sounds/uploaded/XTVEPHMPPJ/ffts/XC29142-med.png","//www.xeno-canto.org/sounds/uploaded/XTVEPHMPPJ/ffts/XC29142-large.png","//www.xeno-canto.org/sounds/uploaded/XTVEPHMPPJ/ffts/XC29142-full.png","0:56","2009-01-31","","Same bird. Tape ref. (B 323-338)","unknown","unknown",NA,NA,NA,NA,NA,NA,NA,NA
"29141","Phaethornis","pretrei","","Planalto Hermit","Niels Krabbe","Argentina","Jujuy: PN Calilegua: Arroyo del Medio","-23.6834","-64.7501","flight call","//www.xeno-canto.org/29141/download","//creativecommons.org/licenses/by-nc-sa/3.0/","//www.xeno-canto.org/29141","B","18:40","2000-02-12","1000","//www.xeno-canto.org/sounds/uploaded/XTVEPHMPPJ/ffts/XC29141-small.png","//www.xeno-canto.org/sounds/uploaded/XTVEPHMPPJ/ffts/XC29141-med.png","//www.xeno-canto.org/sounds/uploaded/XTVEPHMPPJ/ffts/XC29141-large.png","//www.xeno-canto.org/sounds/uploaded/XTVEPHMPPJ/ffts/XC29141-full.png","0:15","2009-01-31","","Tape ref. (B 316-319)","unknown","unknown",NA,NA,NA,NA,NA,NA,NA,NA
"17575","Phaethornis","pretrei","","Planalto Hermit","Nick Athanas","Brazil","Nova Friburgo, RJ","-22.2834","-42.5667","lekking/calls","//www.xeno-canto.org/17575/download","//creativecommons.org/licenses/by-nc-sa/3.0/","//www.xeno-canto.org/17575","B","06:30","2005-04-13","800","//www.xeno-canto.org/sounds/uploaded/XRABICUARW/ffts/XC17575-small.png","//www.xeno-canto.org/sounds/uploaded/XRABICUARW/ffts/XC17575-med.png","//www.xeno-canto.org/sounds/uploaded/XRABICUARW/ffts/XC17575-large.png","//www.xeno-canto.org/sounds/uploaded/XRABICUARW/ffts/XC17575-full.png","0:10","2008-11-20","","","unknown","unknown",NA,NA,NA,NA,NA,NA,NA,NA
"16812","Phaethornis","pretrei","","Planalto Hermit","Richard C. Hoyer","Brazil","Serra de Baturité, Ceará","-4.2334","-38.9167","song","//www.xeno-canto.org/16812/download","//creativecommons.org/licenses/by-nc-nd/2.5/","//www.xeno-canto.org/16812","B","17:30","2007-01-18","690","//www.xeno-canto.org/sounds/uploaded/SRRRBQPENI/ffts/XC16812-small.png","//www.xeno-canto.org/sounds/uploaded/SRRRBQPENI/ffts/XC16812-med.png","//www.xeno-canto.org/sounds/uploaded/SRRRBQPENI/ffts/XC16812-large.png","//www.xeno-canto.org/sounds/uploaded/SRRRBQPENI/ffts/XC16812-full.png","0:20","2008-11-20","","","unknown","unknown",NA,NA,NA,NA,NA,NA,NA,NA
"10230","Phaethornis","pretrei","","Planalto Hermit","Luiz Fernando Figueiredo","Brazil","Joanópolis, SP",NA,NA,"song","//www.xeno-canto.org/10230/download","//creativecommons.org/licenses/by-nc-nd/2.5/","//www.xeno-canto.org/10230","B","?","0000-00-00","930","//www.xeno-canto.org/sounds/uploaded/EYYKGDWADQ/ffts/XC10230-small.png","//www.xeno-canto.org/sounds/uploaded/EYYKGDWADQ/ffts/XC10230-med.png","//www.xeno-canto.org/sounds/uploaded/EYYKGDWADQ/ffts/XC10230-large.png","//www.xeno-canto.org/sounds/uploaded/EYYKGDWADQ/ffts/XC10230-full.png","0:09","2008-11-20","Sporophila lineola","","unknown","unknown",NA,NA,NA,NA,NA,NA,NA,NA
"10050","Phaethornis","pretrei","","Planalto Hermit","Ciro Albano","Brazil","Guaramiranga, Serra de Baturité, State of Ceará","-4.250551","-38.939838","song","//www.xeno-canto.org/10050/download","//creativecommons.org/licenses/by-nc-nd/2.5/","//www.xeno-canto.org/10050","B","?","2006-12-11","850","//www.xeno-canto.org/sounds/uploaded/MXVQPUKGWW/ffts/XC10050-small.png","//www.xeno-canto.org/sounds/uploaded/MXVQPUKGWW/ffts/XC10050-med.png","//www.xeno-canto.org/sounds/uploaded/MXVQPUKGWW/ffts/XC10050-large.png","//www.xeno-canto.org/sounds/uploaded/MXVQPUKGWW/ffts/XC10050-full.png","1:41","2008-11-20",NA,"","unknown","unknown","Tolmomyias flaviventris","Elaenia spectabilis","Turdus leucomelas","Thamnophilus caerulescens","Basileuterus culicivorus",NA,NA,NA
"227587","Phaethornis","pretrei","","Planalto Hermit","Peter Boesman","Brazil","Carmo road, Rio de Janeiro","-21.8666666667","-42.5833333333","song","//www.xeno-canto.org/227587/download","//creativecommons.org/licenses/by-nc-nd/4.0/","//www.xeno-canto.org/227587","C","11:00","2004-07-28","","//www.xeno-canto.org/sounds/uploaded/OOECIWCSWV/ffts/XC227587-small.png","//www.xeno-canto.org/sounds/uploaded/OOECIWCSWV/ffts/XC227587-med.png","//www.xeno-canto.org/sounds/uploaded/OOECIWCSWV/ffts/XC227587-large.png","//www.xeno-canto.org/sounds/uploaded/OOECIWCSWV/ffts/XC227587-full.png","0:03","2015-03-23","","ID certainty 70%. (Archiv. tape 325 side B track 24 seq. B)","unknown","unknown",NA,NA,NA,NA,NA,NA,NA,NA
"355845","Phaethornis","pretrei","","Planalto Hermit","Mateus G. Santos ","Brazil","Poções, Bahia","-14.5456","-40.2706","call","//www.xeno-canto.org/355845/download","//creativecommons.org/licenses/by-nc-sa/4.0/","//www.xeno-canto.org/355845","D","09:30","2016-08-12","1000","//www.xeno-canto.org/sounds/uploaded/MIIXEHZEUA/ffts/XC355845-small.png","//www.xeno-canto.org/sounds/uploaded/MIIXEHZEUA/ffts/XC355845-med.png","//www.xeno-canto.org/sounds/uploaded/MIIXEHZEUA/ffts/XC355845-large.png","//www.xeno-canto.org/sounds/uploaded/MIIXEHZEUA/ffts/XC355845-full.png","0:26","2017-02-16","","","yes","no",NA,NA,NA,NA,NA,NA,NA,NA
"135191","Phaethornis","pretrei","","Planalto Hermit","Caio Brito","Brazil","Ubajara, Ceara","-3.8531","-40.9271","song","//www.xeno-canto.org/135191/download","//creativecommons.org/licenses/by-nc-sa/3.0/","//www.xeno-canto.org/135191","E","06:00","2013-05-14","850","//www.xeno-canto.org/sounds/uploaded/YWWWUBVAJF/ffts/XC135191-small.png","//www.xeno-canto.org/sounds/uploaded/YWWWUBVAJF/ffts/XC135191-med.png","//www.xeno-canto.org/sounds/uploaded/YWWWUBVAJF/ffts/XC135191-large.png","//www.xeno-canto.org/sounds/uploaded/YWWWUBVAJF/ffts/XC135191-full.png","0:49","2013-05-27","","Lowcut at 200Hz to minimize noise.","no","no",NA,NA,NA,NA,NA,NA,NA,NA
"205383","Phaethornis","augusti","","Sooty-capped Hermit","Sergio Chaparro-Herrera","Colombia","Inspección de Mambita, Ubalá, Cundinamarca","4.7356","-73.3544","call","//www.xeno-canto.org/205383/download","//creativecommons.org/licenses/by-nc-sa/4.0/","//www.xeno-canto.org/205383","no score","15:45","2014-11-18","1100","//www.xeno-canto.org/sounds/uploaded/RJLERWCWGE/ffts/XC205383-small.png","//www.xeno-canto.org/sounds/uploaded/RJLERWCWGE/ffts/XC205383-med.png","//www.xeno-canto.org/sounds/uploaded/RJLERWCWGE/ffts/XC205383-large.png","//www.xeno-canto.org/sounds/uploaded/RJLERWCWGE/ffts/XC205383-full.png","0:14","2014-12-05","","Lek en matorral alto.
https://flic.kr/p/wDg4MB","yes","no",NA,NA,NA,NA,NA,NA,NA,NA
"457500","Phaethornis","augusti","","Sooty-capped Hermit","GABRIEL LEITE","Brazil","Mucajaí, State of Roraima","2.4498","-61.423","song","//www.xeno-canto.org/457500/download","//creativecommons.org/licenses/by-nc-sa/4.0/","//www.xeno-canto.org/457500","A","07:00","2019-02-17","950","//www.xeno-canto.org/sounds/uploaded/TGBFXDVERJ/ffts/XC457500-small.png","//www.xeno-canto.org/sounds/uploaded/TGBFXDVERJ/ffts/XC457500-med.png","//www.xeno-canto.org/sounds/uploaded/TGBFXDVERJ/ffts/XC457500-large.png","//www.xeno-canto.org/sounds/uploaded/TGBFXDVERJ/ffts/XC457500-full.png","0:29","2019-02-20","","","yes","yes",NA,NA,NA,NA,NA,NA,NA,NA
"407865","Phaethornis","augusti","","Sooty-capped Hermit","Daniel de Jesus Garcia","Venezuela","Escuque, Escuque, Trujillo","9.2443","-70.7849","song","//www.xeno-canto.org/407865/download","//creativecommons.org/licenses/by-nc-sa/4.0/","//www.xeno-canto.org/407865","A","14:37","2018-03-18","950","//www.xeno-canto.org/sounds/uploaded/FACNEOPZHK/ffts/XC407865-small.png","//www.xeno-canto.org/sounds/uploaded/FACNEOPZHK/ffts/XC407865-med.png","//www.xeno-canto.org/sounds/uploaded/FACNEOPZHK/ffts/XC407865-large.png","//www.xeno-canto.org/sounds/uploaded/FACNEOPZHK/ffts/XC407865-full.png","0:10","2018-03-28","","Se colocó playback de anterior grabación.Orillas de bosque","yes","yes",NA,NA,NA,NA,NA,NA,NA,NA
"254135","Phaethornis","augusti","","Sooty-capped Hermit","Joe Klaiber","Venezuela","Altamira Edo Barinas","8.8211","-70.5013","call","//www.xeno-canto.org/254135/download","//creativecommons.org/licenses/by-nc-sa/4.0/","//www.xeno-canto.org/254135","A","00:00","2012-11-19","750","//www.xeno-canto.org/sounds/uploaded/TNPOVFLZMY/ffts/XC254135-small.png","//www.xeno-canto.org/sounds/uploaded/TNPOVFLZMY/ffts/XC254135-med.png","//www.xeno-canto.org/sounds/uploaded/TNPOVFLZMY/ffts/XC254135-large.png","//www.xeno-canto.org/sounds/uploaded/TNPOVFLZMY/ffts/XC254135-full.png","0:05","2015-06-27","","","unknown","unknown",NA,NA,NA,NA,NA,NA,NA,NA
"254132","Phaethornis","augusti","","Sooty-capped Hermit","Joe Klaiber","Venezuela","Azulita area Merida","8.7171","-71.3304","song","//www.xeno-canto.org/254132/download","//creativecommons.org/licenses/by-nc-sa/4.0/","//www.xeno-canto.org/254132","A","00:00","2010-02-01","2500","//www.xeno-canto.org/sounds/uploaded/TNPOVFLZMY/ffts/XC254132-small.png","//www.xeno-canto.org/sounds/uploaded/TNPOVFLZMY/ffts/XC254132-med.png","//www.xeno-canto.org/sounds/uploaded/TNPOVFLZMY/ffts/XC254132-large.png","//www.xeno-canto.org/sounds/uploaded/TNPOVFLZMY/ffts/XC254132-full.png","0:24","2015-06-27","","","unknown","unknown",NA,NA,NA,NA,NA,NA,NA,NA
"246945","Phaethornis","augusti","","Sooty-capped Hermit","Joe Klaiber","Venezuela","Altamira, Barinas","8.299","-70.0851","song","//www.xeno-canto.org/246945/download","//creativecommons.org/licenses/by-nc-sa/4.0/","//www.xeno-canto.org/246945","A","00:00","2012-04-25","120","//www.xeno-canto.org/sounds/uploaded/TNPOVFLZMY/ffts/XC246945-small.png","//www.xeno-canto.org/sounds/uploaded/TNPOVFLZMY/ffts/XC246945-med.png","//www.xeno-canto.org/sounds/uploaded/TNPOVFLZMY/ffts/XC246945-large.png","//www.xeno-canto.org/sounds/uploaded/TNPOVFLZMY/ffts/XC246945-full.png","0:24","2015-05-31","","","unknown","unknown",NA,NA,NA,NA,NA,NA,NA,NA
"197455","Phaethornis","augusti","","Sooty-capped Hermit","Joe Klaiber","Venezuela","Altamira Edo Barinas","8.8211","-70.5013","song","//www.xeno-canto.org/197455/download","//creativecommons.org/licenses/by-nc-sa/4.0/","//www.xeno-canto.org/197455","A","09:00","2009-03-12","750","//www.xeno-canto.org/sounds/uploaded/TNPOVFLZMY/ffts/XC197455-small.png","//www.xeno-canto.org/sounds/uploaded/TNPOVFLZMY/ffts/XC197455-med.png","//www.xeno-canto.org/sounds/uploaded/TNPOVFLZMY/ffts/XC197455-large.png","//www.xeno-canto.org/sounds/uploaded/TNPOVFLZMY/ffts/XC197455-full.png","0:24","2014-10-02","","","yes","no",NA,NA,NA,NA,NA,NA,NA,NA
"27923","Phaethornis","augusti","","Sooty-capped Hermit","David Edwards","Venezuela","Sierra de San Luis","11.21222","-69.72556","song","//www.xeno-canto.org/27923/download","//creativecommons.org/licenses/by-nc-nd/2.5/","//www.xeno-canto.org/27923","A","?:?","2006-11-00","1500","//www.xeno-canto.org/sounds/uploaded/AFEHYCAHZR/ffts/XC27923-small.png","//www.xeno-canto.org/sounds/uploaded/AFEHYCAHZR/ffts/XC27923-med.png","//www.xeno-canto.org/sounds/uploaded/AFEHYCAHZR/ffts/XC27923-large.png","//www.xeno-canto.org/sounds/uploaded/AFEHYCAHZR/ffts/XC27923-full.png","0:22","2009-01-07","","","unknown","unknown",NA,NA,NA,NA,NA,NA,NA,NA
"254133","Phaethornis","augusti","","Sooty-capped Hermit","Joe Klaiber","Venezuela","Altamira Edo Barinas","8.8211","-70.5013","song","//www.xeno-canto.org/254133/download","//creativecommons.org/licenses/by-nc-sa/4.0/","//www.xeno-canto.org/254133","B","00:00","2009-09-12","750","//www.xeno-canto.org/sounds/uploaded/TNPOVFLZMY/ffts/XC254133-small.png","//www.xeno-canto.org/sounds/uploaded/TNPOVFLZMY/ffts/XC254133-med.png","//www.xeno-canto.org/sounds/uploaded/TNPOVFLZMY/ffts/XC254133-large.png","//www.xeno-canto.org/sounds/uploaded/TNPOVFLZMY/ffts/XC254133-full.png","0:16","2015-06-27","","","unknown","unknown",NA,NA,NA,NA,NA,NA,NA,NA
"22138","Phaethornis","augusti","incanescens","Sooty-capped Hermit","Andrew Spencer","Venezuela","Rio Kukenan camp on the way to Cerro Roraima, Bolivar","5.1323","-60.8001","lekking","//www.xeno-canto.org/22138/download","//creativecommons.org/licenses/by-nc-nd/2.5/","//www.xeno-canto.org/22138","B","06:30","2008-07-02","1650","//www.xeno-canto.org/sounds/uploaded/CDTGHVBGZP/ffts/XC22138-small.png","//www.xeno-canto.org/sounds/uploaded/CDTGHVBGZP/ffts/XC22138-med.png","//www.xeno-canto.org/sounds/uploaded/CDTGHVBGZP/ffts/XC22138-large.png","//www.xeno-canto.org/sounds/uploaded/CDTGHVBGZP/ffts/XC22138-full.png","0:35","2008-11-20","","","unknown","unknown",NA,NA,NA,NA,NA,NA,NA,NA
"389777","Phaethornis","subochraceus","","Buff-bellied Hermit","Marco Cruz","Brazil","Bodoquena, Mato Grosso do Sul","-20.5416","-56.7073","song","//www.xeno-canto.org/389777/download","//creativecommons.org/licenses/by-nc-sa/4.0/","//www.xeno-canto.org/389777","A","10:30","2017-09-30","240","//www.xeno-canto.org/sounds/uploaded/TZWQJUGVHP/ffts/XC389777-small.png","//www.xeno-canto.org/sounds/uploaded/TZWQJUGVHP/ffts/XC389777-med.png","//www.xeno-canto.org/sounds/uploaded/TZWQJUGVHP/ffts/XC389777-large.png","//www.xeno-canto.org/sounds/uploaded/TZWQJUGVHP/ffts/XC389777-full.png","1:19","2017-10-15","","","yes","no",NA,NA,NA,NA,NA,NA,NA,NA
"153677","Phaethornis","subochraceus","","Buff-bellied Hermit","Dan Lane","Bolivia","Jardin Botanico Santa Cruz","-17.7833","-63.0666","song","//www.xeno-canto.org/153677/download","//creativecommons.org/licenses/by-nc-sa/3.0/","//www.xeno-canto.org/153677","B","09:30","2007-06-29","400","//www.xeno-canto.org/sounds/uploaded/WOEAFQRMUD/ffts/XC153677-small.png","//www.xeno-canto.org/sounds/uploaded/WOEAFQRMUD/ffts/XC153677-med.png","//www.xeno-canto.org/sounds/uploaded/WOEAFQRMUD/ffts/XC153677-large.png","//www.xeno-canto.org/sounds/uploaded/WOEAFQRMUD/ffts/XC153677-full.png","0:43","2013-11-07",NA,"Natural song from an unseen bird sitting <1m of the ground in dense, low-stature dry deciduous scrub with columnar cactus. The bird departed unseen at end. ID based on comparison with XC3350.","yes","yes","Brotogeris chiriri","Cantorchilus guarayanus",NA,NA,NA,NA,NA,NA
"74020","Phaethornis","subochraceus","","Buff-bellied Hermit","Joseph Tobias and Nathalie Seddon","Bolivia","?",NA,NA,"song","//www.xeno-canto.org/74020/download","//creativecommons.org/licenses/by-nc-sa/3.0/","//www.xeno-canto.org/74020","B","?:?","2005-09-27","?","//www.xeno-canto.org/sounds/uploaded/IKMWQIXRNV/ffts/XC74020-small.png","//www.xeno-canto.org/sounds/uploaded/IKMWQIXRNV/ffts/XC74020-med.png","//www.xeno-canto.org/sounds/uploaded/IKMWQIXRNV/ffts/XC74020-large.png","//www.xeno-canto.org/sounds/uploaded/IKMWQIXRNV/ffts/XC74020-full.png","0:41","2011-03-23","","track 1.","unknown","unknown",NA,NA,NA,NA,NA,NA,NA,NA
"153578","Phaethornis","subochraceus","","Buff-bellied Hermit","Dan Lane","Bolivia","Jardin Botanico Santa Cruz","-17.7833","-63.0666","call","//www.xeno-canto.org/153578/download","//creativecommons.org/licenses/by-nc-sa/3.0/","//www.xeno-canto.org/153578","C","08:00","2007-06-29","400","//www.xeno-canto.org/sounds/uploaded/WOEAFQRMUD/ffts/XC153578-small.png","//www.xeno-canto.org/sounds/uploaded/WOEAFQRMUD/ffts/XC153578-med.png","//www.xeno-canto.org/sounds/uploaded/WOEAFQRMUD/ffts/XC153578-large.png","//www.xeno-canto.org/sounds/uploaded/WOEAFQRMUD/ffts/XC153578-full.png","0:07","2013-11-07","","Natural flight calls from unseen individual (ID not certain, but this species was encountered at this site on this day) in understory of deciduous Chiquitano woodland.","no","no",NA,NA,NA,NA,NA,NA,NA,NA
"3350","Phaethornis","subochraceus","","Buff-bellied Hermit","Sebastian K. Herzog","Bolivia","Botanical garden of Santa Cruz, Santa Cruz","-17.7751","-63.0667","Song","//www.xeno-canto.org/3350/download","//creativecommons.org/licenses/by-nc-nd/2.5/","//www.xeno-canto.org/3350","C","8:25","1995-08-30","350","//www.xeno-canto.org/sounds/uploaded/UYGLRGKDEF/ffts/XC3350-small.png","//www.xeno-canto.org/sounds/uploaded/UYGLRGKDEF/ffts/XC3350-med.png","//www.xeno-canto.org/sounds/uploaded/UYGLRGKDEF/ffts/XC3350-large.png","//www.xeno-canto.org/sounds/uploaded/UYGLRGKDEF/ffts/XC3350-full.png","0:38","2008-11-20",NA,"Certainty: 80%. Not seen, but birds were netted in the area.     cd:http://www.birdsongs.com/Bolivia/main.htm","unknown","unknown","Thectocercus acuticaudatus","Cnemotriccus fuscatus",NA,NA,NA,NA,NA,NA
"9595","Phaethornis","subochraceus","","Buff-bellied Hermit","Allen T. Chartier","Brazil","Pousada o Pantaneiro, Transpantaneira Hwy., Mato Grosso","-16.9398","-56.8834","Song, lekking","//www.xeno-canto.org/9595/download","//creativecommons.org/licenses/by-nc-sa/3.0/","//www.xeno-canto.org/9595","D","?","1993-11-17","110","//www.xeno-canto.org/sounds/uploaded/AZXTZTQJRO/ffts/XC9595-small.png","//www.xeno-canto.org/sounds/uploaded/AZXTZTQJRO/ffts/XC9595-med.png","//www.xeno-canto.org/sounds/uploaded/AZXTZTQJRO/ffts/XC9595-large.png","//www.xeno-canto.org/sounds/uploaded/AZXTZTQJRO/ffts/XC9595-full.png","0:08","2008-11-20","","Isolated calls from previous cut","unknown","unknown",NA,NA,NA,NA,NA,NA,NA,NA
"9594","Phaethornis","subochraceus","","Buff-bellied Hermit","Allen T. Chartier","Brazil","Pousada o Pantaneiro, Transpantaneira Hwy., Mato Grosso","-16.9398","-56.8834","Song, lekking","//www.xeno-canto.org/9594/download","//creativecommons.org/licenses/by-nc-sa/3.0/","//www.xeno-canto.org/9594","D","?","1993-11-17","110","//www.xeno-canto.org/sounds/uploaded/AZXTZTQJRO/ffts/XC9594-small.png","//www.xeno-canto.org/sounds/uploaded/AZXTZTQJRO/ffts/XC9594-med.png","//www.xeno-canto.org/sounds/uploaded/AZXTZTQJRO/ffts/XC9594-large.png","//www.xeno-canto.org/sounds/uploaded/AZXTZTQJRO/ffts/XC9594-full.png","0:29","2008-11-20","","","unknown","unknown",NA,NA,NA,NA,NA,NA,NA,NA
"173958","Phaethornis","squalidus","","Dusky-throated Hermit","Douglas Meyer","Brazil","Vidal Ramos, Santa Catarina","-27.3544","-49.3456","flight call","//www.xeno-canto.org/173958/download","//creativecommons.org/licenses/by-nc-sa/4.0/","//www.xeno-canto.org/173958","no score","14:47","2011-12-19","360","//www.xeno-canto.org/sounds/uploaded/MNENFHYTAE/ffts/XC173958-small.png","//www.xeno-canto.org/sounds/uploaded/MNENFHYTAE/ffts/XC173958-med.png","//www.xeno-canto.org/sounds/uploaded/MNENFHYTAE/ffts/XC173958-large.png","//www.xeno-canto.org/sounds/uploaded/MNENFHYTAE/ffts/XC173958-full.png","0:17","2014-04-12","","","yes","no",NA,NA,NA,NA,NA,NA,NA,NA
"435591","Phaethornis","squalidus","","Dusky-throated Hermit","JAYRSON ARAUJO DE OLIVEIRA","Brazil","PE Intervales, Ribeirao Grande, São Paulo","-24.2601","-48.4073","song","//www.xeno-canto.org/435591/download","//creativecommons.org/licenses/by-nc-sa/4.0/","//www.xeno-canto.org/435591","A","16:03","2018-09-12","950","//www.xeno-canto.org/sounds/uploaded/LXKLWEDKEM/ffts/XC435591-small.png","//www.xeno-canto.org/sounds/uploaded/LXKLWEDKEM/ffts/XC435591-med.png","//www.xeno-canto.org/sounds/uploaded/LXKLWEDKEM/ffts/XC435591-large.png","//www.xeno-canto.org/sounds/uploaded/LXKLWEDKEM/ffts/XC435591-full.png","0:19","2018-09-22","","","yes","yes",NA,NA,NA,NA,NA,NA,NA,NA
"189518","Phaethornis","squalidus","","Dusky-throated Hermit","Luiz Gabriel Mazzoni","Brazil","Serra do Gandarela, Santa Bárbara, Minas Gerais","-20.0682","-43.5861","song","//www.xeno-canto.org/189518/download","//creativecommons.org/licenses/by-nc-sa/4.0/","//www.xeno-canto.org/189518","A","07:09","2012-02-01","900","//www.xeno-canto.org/sounds/uploaded/MPOKMOFDDX/ffts/XC189518-small.png","//www.xeno-canto.org/sounds/uploaded/MPOKMOFDDX/ffts/XC189518-med.png","//www.xeno-canto.org/sounds/uploaded/MPOKMOFDDX/ffts/XC189518-large.png","//www.xeno-canto.org/sounds/uploaded/MPOKMOFDDX/ffts/XC189518-full.png","0:32","2014-08-03","Schiffornis virescens","Several individuals displaying / lekking. Flowers of unknown species of Zingiberaceae in the understory.","yes","yes",NA,NA,NA,NA,NA,NA,NA,NA
"115184","Phaethornis","squalidus","","Dusky-throated Hermit","Noé Eiterer","Brazil","Viçosa, Minas Gerais","-20.79","-42.8882","song","//www.xeno-canto.org/115184/download","//creativecommons.org/licenses/by-nc-sa/3.0/","//www.xeno-canto.org/115184","A","16:30","2012-09-22","800","//www.xeno-canto.org/sounds/uploaded/TWSKITNQOV/ffts/XC115184-small.png","//www.xeno-canto.org/sounds/uploaded/TWSKITNQOV/ffts/XC115184-med.png","//www.xeno-canto.org/sounds/uploaded/TWSKITNQOV/ffts/XC115184-large.png","//www.xeno-canto.org/sounds/uploaded/TWSKITNQOV/ffts/XC115184-full.png","0:14","2012-12-22","","","unknown","yes",NA,NA,NA,NA,NA,NA,NA,NA
"85295","Phaethornis","squalidus","","Dusky-throated Hermit","Jeremy Minns","Brazil","Parque Nacional da Serra dos Órgãos. Vale do Garrafão","-22.4759","-42.9898","Song","//www.xeno-canto.org/85295/download","//creativecommons.org/licenses/by-nc-sa/3.0/","//www.xeno-canto.org/85295","A","07:45","1999-06-28","500","//www.xeno-canto.org/sounds/uploaded/DGVLLRYDXS/ffts/XC85295-small.png","//www.xeno-canto.org/sounds/uploaded/DGVLLRYDXS/ffts/XC85295-med.png","//www.xeno-canto.org/sounds/uploaded/DGVLLRYDXS/ffts/XC85295-large.png","//www.xeno-canto.org/sounds/uploaded/DGVLLRYDXS/ffts/XC85295-full.png","0:24","2011-08-03","","Same place. Single bird perched very low on a dry twig. After playback.","unknown","unknown",NA,NA,NA,NA,NA,NA,NA,NA
"283495","Phaethornis","squalidus","","Dusky-throated Hermit","Eduardo Patrial","Brazil","Intervales State Park.  Sede de Pesquisa","-24.2834","-48.4334","lekking, song","//www.xeno-canto.org/283495/download","//creativecommons.org/licenses/by-nc-sa/4.0/","//www.xeno-canto.org/283495","B","08:30","2012-10-26","900","//www.xeno-canto.org/sounds/uploaded/QEFRRVCRRP/ffts/XC283495-small.png","//www.xeno-canto.org/sounds/uploaded/QEFRRVCRRP/ffts/XC283495-med.png","//www.xeno-canto.org/sounds/uploaded/QEFRRVCRRP/ffts/XC283495-large.png","//www.xeno-canto.org/sounds/uploaded/QEFRRVCRRP/ffts/XC283495-full.png","0:53","2015-10-02","","","yes","no",NA,NA,NA,NA,NA,NA,NA,NA
"187476","Phaethornis","squalidus","","Dusky-throated Hermit","Marcos A. Melo","Brazil","APA Capivari Monos, São Paulo, SP","-23.9557","-46.6503","call","//www.xeno-canto.org/187476/download","//creativecommons.org/licenses/by-nc-sa/4.0/","//www.xeno-canto.org/187476","B","07:30","2010-03-31","760","//www.xeno-canto.org/sounds/uploaded/MRGDYNJGUJ/ffts/XC187476-small.png","//www.xeno-canto.org/sounds/uploaded/MRGDYNJGUJ/ffts/XC187476-med.png","//www.xeno-canto.org/sounds/uploaded/MRGDYNJGUJ/ffts/XC187476-large.png","//www.xeno-canto.org/sounds/uploaded/MRGDYNJGUJ/ffts/XC187476-full.png","0:10","2014-07-17","Syndactyla rufosuperciliata","","no","no",NA,NA,NA,NA,NA,NA,NA,NA
"85298","Phaethornis","squalidus","","Dusky-throated Hermit","Jeremy Minns","Brazil","Intervales State Park. Mirante","-24.2667","-48.4001","Calls, perched","//www.xeno-canto.org/85298/download","//creativecommons.org/licenses/by-nc-sa/3.0/","//www.xeno-canto.org/85298","B","09:14","2007-12-16","900","//www.xeno-canto.org/sounds/uploaded/DGVLLRYDXS/ffts/XC85298-small.png","//www.xeno-canto.org/sounds/uploaded/DGVLLRYDXS/ffts/XC85298-med.png","//www.xeno-canto.org/sounds/uploaded/DGVLLRYDXS/ffts/XC85298-large.png","//www.xeno-canto.org/sounds/uploaded/DGVLLRYDXS/ffts/XC85298-full.png","0:23","2011-08-03",NA,"Humid forest. A single bird which remained perched for several minutes, occasionally uttering a sequence of calls.","unknown","unknown","Patagioenas plumbea","Drymophila ferruginea","Schiffornis virescens",NA,NA,NA,NA,NA
"85297","Phaethornis","squalidus","","Dusky-throated Hermit","Jeremy Minns","Brazil","Intervales State Park. Carmo road","-24.2834","-48.4334","Song","//www.xeno-canto.org/85297/download","//creativecommons.org/licenses/by-nc-sa/3.0/","//www.xeno-canto.org/85297","B","10:21","2003-10-29","600","//www.xeno-canto.org/sounds/uploaded/DGVLLRYDXS/ffts/XC85297-small.png","//www.xeno-canto.org/sounds/uploaded/DGVLLRYDXS/ffts/XC85297-med.png","//www.xeno-canto.org/sounds/uploaded/DGVLLRYDXS/ffts/XC85297-large.png","//www.xeno-canto.org/sounds/uploaded/DGVLLRYDXS/ffts/XC85297-full.png","0:52","2011-08-03",NA,"At Carmo. Humid forest. A single bird at a known lek in dense bamboo. The bird was preening and singing alternately. Other birds were seen but only this one vocalized.","unknown","unknown","Leptotila rufaxilla","Eleoscytalopus indigoticus","Procnias nudicollis","Chiroxiphia caudata",NA,NA,NA,NA
"85296","Phaethornis","squalidus","","Dusky-throated Hermit","Jeremy Minns","Brazil","Parque Nacional da Serra dos Órgãos. Vale do Garrafão","-22.4759","-42.9898","Song","//www.xeno-canto.org/85296/download","//creativecommons.org/licenses/by-nc-sa/3.0/","//www.xeno-canto.org/85296","B","07:58","2002-09-13","500","//www.xeno-canto.org/sounds/uploaded/DGVLLRYDXS/ffts/XC85296-small.png","//www.xeno-canto.org/sounds/uploaded/DGVLLRYDXS/ffts/XC85296-med.png","//www.xeno-canto.org/sounds/uploaded/DGVLLRYDXS/ffts/XC85296-large.png","//www.xeno-canto.org/sounds/uploaded/DGVLLRYDXS/ffts/XC85296-full.png","0:44","2011-08-03","Hypoedaleus guttatus","Secondary submontane forest with open understorey. Several birds were singing in a lek, perched low on small bushes or fallen branches.","unknown","unknown",NA,NA,NA,NA,NA,NA,NA,NA
"46286","Phaethornis","squalidus","","Dusky-throated Hermit","Leonardo R. Deconto","Brazil","Garuva, Santa Catarina",NA,NA,"Song (lekking)","//www.xeno-canto.org/46286/download","//creativecommons.org/licenses/by-nc-nd/2.5/","//www.xeno-canto.org/46286","B","08:00","2010-01-18","168","//www.xeno-canto.org/sounds/uploaded/VPUQSZGRCI/ffts/XC46286-small.png","//www.xeno-canto.org/sounds/uploaded/VPUQSZGRCI/ffts/XC46286-med.png","//www.xeno-canto.org/sounds/uploaded/VPUQSZGRCI/ffts/XC46286-large.png","//www.xeno-canto.org/sounds/uploaded/VPUQSZGRCI/ffts/XC46286-full.png","0:30","2010-04-05","","","unknown","unknown",NA,NA,NA,NA,NA,NA,NA,NA
"304423","Phaethornis","squalidus","","Dusky-throated Hermit","Jeremy Minns","Brazil","Parque Nacional da Serra dos Órgãos. Vale do Garrafão","-22.4759","-42.9898","song","//www.xeno-canto.org/304423/download","//creativecommons.org/licenses/by-nc-sa/4.0/","//www.xeno-canto.org/304423","C","07:35","1999-06-28","500","//www.xeno-canto.org/sounds/uploaded/DGVLLRYDXS/ffts/XC304423-small.png","//www.xeno-canto.org/sounds/uploaded/DGVLLRYDXS/ffts/XC304423-med.png","//www.xeno-canto.org/sounds/uploaded/DGVLLRYDXS/ffts/XC304423-large.png","//www.xeno-canto.org/sounds/uploaded/DGVLLRYDXS/ffts/XC304423-full.png","0:57","2016-02-22","","humid forest - same lek of 3-4 birds recorded in XC304421","yes","yes",NA,NA,NA,NA,NA,NA,NA,NA
"304421","Phaethornis","squalidus","","Dusky-throated Hermit","Jeremy Minns","Brazil","Parque Nacional da Serra dos Órgãos. Vale do Garrafão","-22.4759","-42.9898","song","//www.xeno-canto.org/304421/download","//creativecommons.org/licenses/by-nc-sa/4.0/","//www.xeno-canto.org/304421","C","07:30","1999-06-28","500","//www.xeno-canto.org/sounds/uploaded/DGVLLRYDXS/ffts/XC304421-small.png","//www.xeno-canto.org/sounds/uploaded/DGVLLRYDXS/ffts/XC304421-med.png","//www.xeno-canto.org/sounds/uploaded/DGVLLRYDXS/ffts/XC304421-large.png","//www.xeno-canto.org/sounds/uploaded/DGVLLRYDXS/ffts/XC304421-full.png","0:48","2016-02-22","","humid forest - lek of 3-4 birds perched low  in fairly open understory","no","no",NA,NA,NA,NA,NA,NA,NA,NA
"87724","Phaethornis","squalidus","","Dusky-throated Hermit","Sandro Salomon","Brazil","Morro São José - Aymoré - Guabiruba - Santa Catarina - Brazil","-27.094","-49.017","SONG(LEKKING)","//www.xeno-canto.org/87724/download","//creativecommons.org/licenses/by-nc-nd/2.5/","//www.xeno-canto.org/87724","C","8:30","2011-09-28","100","//www.xeno-canto.org/sounds/uploaded/XCAOAKBXWH/ffts/XC87724-small.png","//www.xeno-canto.org/sounds/uploaded/XCAOAKBXWH/ffts/XC87724-med.png","//www.xeno-canto.org/sounds/uploaded/XCAOAKBXWH/ffts/XC87724-large.png","//www.xeno-canto.org/sounds/uploaded/XCAOAKBXWH/ffts/XC87724-full.png","0:08","2011-09-28","","","unknown","unknown",NA,NA,NA,NA,NA,NA,NA,NA
"28419","Phaethornis","squalidus","","Dusky-throated Hermit","Adrian Eisen Rupp","Brazil","Morro do Cachorro, Blumenau, Santa Catarina","-26.7776","-49.0401","call","//www.xeno-canto.org/28419/download","//creativecommons.org/licenses/by-nc-nd/2.5/","//www.xeno-canto.org/28419","C","?","2009-01-13","500","//www.xeno-canto.org/sounds/uploaded/AOPMSCIDIA/ffts/XC28419-small.png","//www.xeno-canto.org/sounds/uploaded/AOPMSCIDIA/ffts/XC28419-med.png","//www.xeno-canto.org/sounds/uploaded/AOPMSCIDIA/ffts/XC28419-large.png","//www.xeno-canto.org/sounds/uploaded/AOPMSCIDIA/ffts/XC28419-full.png","0:07","2009-01-14","","","unknown","unknown",NA,NA,NA,NA,NA,NA,NA,NA
"22107","Phaethornis","squalidus","","Dusky-throated Hermit","Tim Hirsch","Brazil","Sítio do Cervo, Miracatú-SP","-24.38333","-47.7","lekking","//www.xeno-canto.org/22107/download","//creativecommons.org/licenses/by-nc-nd/2.5/","//www.xeno-canto.org/22107","C","07:30","2008-08-05","50","//www.xeno-canto.org/sounds/uploaded/BMVCNRFNOY/ffts/XC22107-small.png","//www.xeno-canto.org/sounds/uploaded/BMVCNRFNOY/ffts/XC22107-med.png","//www.xeno-canto.org/sounds/uploaded/BMVCNRFNOY/ffts/XC22107-large.png","//www.xeno-canto.org/sounds/uploaded/BMVCNRFNOY/ffts/XC22107-full.png","0:21","2008-11-20","","Pair in the undergrowth, not seen","unknown","unknown",NA,NA,NA,NA,NA,NA,NA,NA
"5188","Phaethornis","squalidus","","Dusky-throated Hermit","Ricardo Gagliardi","Brazil","Tijuca National Park - RJ","-22.9567","-43.2806","lekking","//www.xeno-canto.org/5188/download","//creativecommons.org/licenses/by-nc-nd/2.5/","//www.xeno-canto.org/5188","C","10:30","2005-07-24","700","//www.xeno-canto.org/sounds/uploaded/YRDADNREOP/ffts/XC5188-small.png","//www.xeno-canto.org/sounds/uploaded/YRDADNREOP/ffts/XC5188-med.png","//www.xeno-canto.org/sounds/uploaded/YRDADNREOP/ffts/XC5188-large.png","//www.xeno-canto.org/sounds/uploaded/YRDADNREOP/ffts/XC5188-full.png","0:07","2008-11-20","","","unknown","unknown",NA,NA,NA,NA,NA,NA,NA,NA
"96811","Phaethornis","squalidus","","Dusky-throated Hermit","Evair Legal","Brazil","Salseiro, Vidal Ramos, Santa Catarina","-27.39726","-49.379082","call","//www.xeno-canto.org/96811/download","//creativecommons.org/licenses/by-nc-nd/2.5/","//www.xeno-canto.org/96811","D","?","2011-06-06","450","//www.xeno-canto.org/sounds/uploaded/SMJXFKLATM/ffts/XC96811-small.png","//www.xeno-canto.org/sounds/uploaded/SMJXFKLATM/ffts/XC96811-med.png","//www.xeno-canto.org/sounds/uploaded/SMJXFKLATM/ffts/XC96811-large.png","//www.xeno-canto.org/sounds/uploaded/SMJXFKLATM/ffts/XC96811-full.png","0:02","2012-03-15","","","unknown","unknown",NA,NA,NA,NA,NA,NA,NA,NA
"265340","Phaethornis","rupurumii","","Streak-throated Hermit","Alex Lees","Brazil","Estrada do Portão, Parque Nacional do Viruá, Caracaraí, Roraima","1.4851","-60.9921","female, male, song","//www.xeno-canto.org/265340/download","//creativecommons.org/licenses/by-nc-sa/4.0/","//www.xeno-canto.org/265340","A","11:00","2015-07-14","90","//www.xeno-canto.org/sounds/uploaded/INDDBZAFJL/ffts/XC265340-small.png","//www.xeno-canto.org/sounds/uploaded/INDDBZAFJL/ffts/XC265340-med.png","//www.xeno-canto.org/sounds/uploaded/INDDBZAFJL/ffts/XC265340-large.png","//www.xeno-canto.org/sounds/uploaded/INDDBZAFJL/ffts/XC265340-full.png","0:19","2015-08-02","","in low stature woodland","yes","no",NA,NA,NA,NA,NA,NA,NA,NA
"227596","Phaethornis","rupurumii","","Streak-throated Hermit","Peter Boesman","Venezuela","Lower Rio Caura area, Bolivar","7.25","-65","song","//www.xeno-canto.org/227596/download","//creativecommons.org/licenses/by-nc-nd/4.0/","//www.xeno-canto.org/227596","A","16:00","1997-03-26","50 - 100","//www.xeno-canto.org/sounds/uploaded/OOECIWCSWV/ffts/XC227596-small.png","//www.xeno-canto.org/sounds/uploaded/OOECIWCSWV/ffts/XC227596-med.png","//www.xeno-canto.org/sounds/uploaded/OOECIWCSWV/ffts/XC227596-large.png","//www.xeno-canto.org/sounds/uploaded/OOECIWCSWV/ffts/XC227596-full.png","0:25","2015-03-23","","ID certainty 100%. (Archiv. tape 55 side B track 3 seq. B)","unknown","unknown",NA,NA,NA,NA,NA,NA,NA,NA
"227595","Phaethornis","rupurumii","","Streak-throated Hermit","Peter Boesman","Venezuela","Lower Rio Caura area, Bolivar","7.25","-65","song","//www.xeno-canto.org/227595/download","//creativecommons.org/licenses/by-nc-nd/4.0/","//www.xeno-canto.org/227595","A","16:00","1997-03-26","50 - 100","//www.xeno-canto.org/sounds/uploaded/OOECIWCSWV/ffts/XC227595-small.png","//www.xeno-canto.org/sounds/uploaded/OOECIWCSWV/ffts/XC227595-med.png","//www.xeno-canto.org/sounds/uploaded/OOECIWCSWV/ffts/XC227595-large.png","//www.xeno-canto.org/sounds/uploaded/OOECIWCSWV/ffts/XC227595-full.png","0:27","2015-03-23","","ID certainty 100%. (Archiv. tape 55 side B track 3 seq. A)","unknown","unknown",NA,NA,NA,NA,NA,NA,NA,NA
"401519","Phaethornis","rupurumii","","Streak-throated Hermit","GABRIEL LEITE","Brazil","Amajari, Roraima","3.7681","-61.6965","song","//www.xeno-canto.org/401519/download","//creativecommons.org/licenses/by-nc-sa/4.0/","//www.xeno-canto.org/401519","B","07:30","2018-01-29","950","//www.xeno-canto.org/sounds/uploaded/TGBFXDVERJ/ffts/XC401519-small.png","//www.xeno-canto.org/sounds/uploaded/TGBFXDVERJ/ffts/XC401519-med.png","//www.xeno-canto.org/sounds/uploaded/TGBFXDVERJ/ffts/XC401519-large.png","//www.xeno-canto.org/sounds/uploaded/TGBFXDVERJ/ffts/XC401519-full.png","0:05","2018-02-01","","","yes","no",NA,NA,NA,NA,NA,NA,NA,NA
"352105","Phaethornis","rupurumii","","Streak-throated Hermit","GABRIEL LEITE","Brazil","Novo Airão, Amazonas","-2.593","-60.9206","song","//www.xeno-canto.org/352105/download","//creativecommons.org/licenses/by-nc-sa/4.0/","//www.xeno-canto.org/352105","B","07:00","2017-01-22","30","//www.xeno-canto.org/sounds/uploaded/TGBFXDVERJ/ffts/XC352105-small.png","//www.xeno-canto.org/sounds/uploaded/TGBFXDVERJ/ffts/XC352105-med.png","//www.xeno-canto.org/sounds/uploaded/TGBFXDVERJ/ffts/XC352105-large.png","//www.xeno-canto.org/sounds/uploaded/TGBFXDVERJ/ffts/XC352105-full.png","0:26","2017-01-23","","","yes","no",NA,NA,NA,NA,NA,NA,NA,NA
"32065","Phaethornis","rupurumii","","Streak-throated Hermit","Sidnei Dantas","Brazil","Monte Alegre, state of Pará","-2.0375","-54.1131","lek song","//www.xeno-canto.org/32065/download","//creativecommons.org/licenses/by-nc-nd/2.5/","//www.xeno-canto.org/32065","B","08:00","2009-03-20","70","//www.xeno-canto.org/sounds/uploaded/NNCKQMBGPH/ffts/XC32065-small.png","//www.xeno-canto.org/sounds/uploaded/NNCKQMBGPH/ffts/XC32065-med.png","//www.xeno-canto.org/sounds/uploaded/NNCKQMBGPH/ffts/XC32065-large.png","//www.xeno-canto.org/sounds/uploaded/NNCKQMBGPH/ffts/XC32065-full.png","0:45","2009-04-06",NA,"in the edge of moriche palm forest.","unknown","unknown","Amazona amazonica","Elaenia flavogaster","Berlepschia rikeri",NA,NA,NA,NA,NA
"149396","Phaethornis","rupurumii","","Streak-throated Hermit","Lia Nahomi Kajiki","Brazil","APA Fazendinha, Santana, Amapá","-0.0523","-51.1327","song","//www.xeno-canto.org/149396/download","//creativecommons.org/licenses/by-nc-sa/3.0/","//www.xeno-canto.org/149396","C","10:00","2013-09-15","15","//www.xeno-canto.org/sounds/uploaded/PVVQTVACLV/ffts/XC149396-small.png","//www.xeno-canto.org/sounds/uploaded/PVVQTVACLV/ffts/XC149396-med.png","//www.xeno-canto.org/sounds/uploaded/PVVQTVACLV/ffts/XC149396-large.png","//www.xeno-canto.org/sounds/uploaded/PVVQTVACLV/ffts/XC149396-full.png","0:11","2013-10-01","","varzea forest, birds lekking, below 1m from the ground, recording slightly amplified.","yes","yes",NA,NA,NA,NA,NA,NA,NA,NA
"84327","Phaethornis","rupurumii","","Streak-throated Hermit","Alexander Lees","Brazil","Santarem, PA, Brazil, Bacia 129","-2.734","-54.779","song","//www.xeno-canto.org/84327/download","//creativecommons.org/licenses/by-nc-nd/2.5/","//www.xeno-canto.org/84327","C","08:37","2011-01-29","?","//www.xeno-canto.org/sounds/uploaded/INDDBZAFJL/ffts/XC84327-small.png","//www.xeno-canto.org/sounds/uploaded/INDDBZAFJL/ffts/XC84327-med.png","//www.xeno-canto.org/sounds/uploaded/INDDBZAFJL/ffts/XC84327-large.png","//www.xeno-canto.org/sounds/uploaded/INDDBZAFJL/ffts/XC84327-full.png","0:11","2011-07-29","","degraded primary forest","unknown","unknown",NA,NA,NA,NA,NA,NA,NA,NA
"307918","Phaethornis","rupurumii","","Streak-throated Hermit","GABRIEL LEITE","Brazil","Macapá, Macapá, State of Amapá","0.2143","-51.0215","flight call","//www.xeno-canto.org/307918/download","//creativecommons.org/licenses/by-nc-sa/4.0/","//www.xeno-canto.org/307918","D","09:00","2016-03-20","20","//www.xeno-canto.org/sounds/uploaded/TGBFXDVERJ/ffts/XC307918-small.png","//www.xeno-canto.org/sounds/uploaded/TGBFXDVERJ/ffts/XC307918-med.png","//www.xeno-canto.org/sounds/uploaded/TGBFXDVERJ/ffts/XC307918-large.png","//www.xeno-canto.org/sounds/uploaded/TGBFXDVERJ/ffts/XC307918-full.png","0:01","2016-03-21","","","yes","no",NA,NA,NA,NA,NA,NA,NA,NA
"181834","Phaethornis","rupurumii","amazonicus?","Streak-throated Hermit","Sidnei Dantas","Brazil","near Autazes, amazonas.","-3.646","-59.09","song","//www.xeno-canto.org/181834/download","//creativecommons.org/licenses/by-nc-sa/4.0/","//www.xeno-canto.org/181834","D","09:30","2014-05-22","50","//www.xeno-canto.org/sounds/uploaded/NNCKQMBGPH/ffts/XC181834-small.png","//www.xeno-canto.org/sounds/uploaded/NNCKQMBGPH/ffts/XC181834-med.png","//www.xeno-canto.org/sounds/uploaded/NNCKQMBGPH/ffts/XC181834-large.png","//www.xeno-canto.org/sounds/uploaded/NNCKQMBGPH/ffts/XC181834-full.png","0:48","2014-06-13","Ramphocelus carbo","Some birds perched vey low, in a secondary-growth vegetation patch, in the west bank of Madeira river.","yes","no",NA,NA,NA,NA,NA,NA,NA,NA
"20281","Phaethornis","rupurumii","","Streak-throated Hermit","Sidnei Dantas","Brazil","Belo Monte, left bank of Rio Xingu, Pará","-3.3848","-51.9245","lek song","//www.xeno-canto.org/20281/download","//creativecommons.org/licenses/by-nc-nd/2.5/","//www.xeno-canto.org/20281","D","09:30","2008-04-21","100","//www.xeno-canto.org/sounds/uploaded/NNCKQMBGPH/ffts/XC20281-small.png","//www.xeno-canto.org/sounds/uploaded/NNCKQMBGPH/ffts/XC20281-med.png","//www.xeno-canto.org/sounds/uploaded/NNCKQMBGPH/ffts/XC20281-large.png","//www.xeno-canto.org/sounds/uploaded/NNCKQMBGPH/ffts/XC20281-full.png","0:27","2008-11-20","Ramphastos tucanus","undergrowth of secondary land forest, in an island in Rio Xingu.","unknown","unknown",NA,NA,NA,NA,NA,NA,NA,NA
"20282","Phaethornis","rupurumii","","Streak-throated Hermit","Sidnei Dantas","Brazil","Belo Monte, right bank of Rio Xingu, Pará","-3.081209","-51.774101","lekking","//www.xeno-canto.org/20282/download","//creativecommons.org/licenses/by-nc-nd/2.5/","//www.xeno-canto.org/20282","E","09:30","2007-11-13","100","//www.xeno-canto.org/sounds/uploaded/NNCKQMBGPH/ffts/XC20282-small.png","//www.xeno-canto.org/sounds/uploaded/NNCKQMBGPH/ffts/XC20282-med.png","//www.xeno-canto.org/sounds/uploaded/NNCKQMBGPH/ffts/XC20282-large.png","//www.xeno-canto.org/sounds/uploaded/NNCKQMBGPH/ffts/XC20282-full.png","0:28","2008-11-20",NA,"igapó forest","unknown","unknown","Cantorchilus leucotis","Lipaugus vociferans",NA,NA,NA,NA,NA,NA
"227585","Phaethornis","longuemareus","","Little Hermit","Peter Boesman","Venezuela","Caño Colorado, Monagas","9.9166666667","-62.9166666667","song","//www.xeno-canto.org/227585/download","//creativecommons.org/licenses/by-nc-nd/4.0/","//www.xeno-canto.org/227585","A","?","1994-03-05","0 - 20","//www.xeno-canto.org/sounds/uploaded/OOECIWCSWV/ffts/XC227585-small.png","//www.xeno-canto.org/sounds/uploaded/OOECIWCSWV/ffts/XC227585-med.png","//www.xeno-canto.org/sounds/uploaded/OOECIWCSWV/ffts/XC227585-large.png","//www.xeno-canto.org/sounds/uploaded/OOECIWCSWV/ffts/XC227585-full.png","0:09","2015-03-23","","ID certainty 100%. (Archiv. tape 8 side B track 1 seq. A)","unknown","unknown",NA,NA,NA,NA,NA,NA,NA,NA
"227584","Phaethornis","longuemareus","","Little Hermit","Peter Boesman","Venezuela","Caño Colorado, Monagas","9.9166666667","-62.9166666667","song","//www.xeno-canto.org/227584/download","//creativecommons.org/licenses/by-nc-nd/4.0/","//www.xeno-canto.org/227584","A","?","1994-03-31","0 - 20","//www.xeno-canto.org/sounds/uploaded/OOECIWCSWV/ffts/XC227584-small.png","//www.xeno-canto.org/sounds/uploaded/OOECIWCSWV/ffts/XC227584-med.png","//www.xeno-canto.org/sounds/uploaded/OOECIWCSWV/ffts/XC227584-large.png","//www.xeno-canto.org/sounds/uploaded/OOECIWCSWV/ffts/XC227584-full.png","0:11","2015-03-23","","ID certainty 100%. (Archiv. tape 8 side B track 22 seq. A)","unknown","unknown",NA,NA,NA,NA,NA,NA,NA,NA
"213805","Phaethornis","longuemareus","","Little Hermit","Patrick Ingremeau","French Guiana","Awala-Yalimapo, digue","5.7378","-53.946","song","//www.xeno-canto.org/213805/download","//creativecommons.org/licenses/by-nc-nd/4.0/","//www.xeno-canto.org/213805","A","18:00","2015-02-07","0","//www.xeno-canto.org/sounds/uploaded/IIVTYSKEYX/ffts/XC213805-small.png","//www.xeno-canto.org/sounds/uploaded/IIVTYSKEYX/ffts/XC213805-med.png","//www.xeno-canto.org/sounds/uploaded/IIVTYSKEYX/ffts/XC213805-large.png","//www.xeno-canto.org/sounds/uploaded/IIVTYSKEYX/ffts/XC213805-full.png","0:30","2015-02-17","","","no","no",NA,NA,NA,NA,NA,NA,NA,NA
"202417","Phaethornis","longuemareus","","Little Hermit","Hans Matheve","Venezuela","Caño Colorado, Monagas","9.8915","-62.9422","lekking","//www.xeno-canto.org/202417/download","//creativecommons.org/licenses/by-nc-nd/4.0/","//www.xeno-canto.org/202417","A","?","2009-03-17","20","//www.xeno-canto.org/sounds/uploaded/VROUALCTKG/ffts/XC202417-small.png","//www.xeno-canto.org/sounds/uploaded/VROUALCTKG/ffts/XC202417-med.png","//www.xeno-canto.org/sounds/uploaded/VROUALCTKG/ffts/XC202417-large.png","//www.xeno-canto.org/sounds/uploaded/VROUALCTKG/ffts/XC202417-full.png","1:08","2014-11-13","","","yes","no",NA,NA,NA,NA,NA,NA,NA,NA
"108474","Phaethornis","longuemareus","","Little Hermit","Thore Noernberg ","Venezuela","Hacienda Vuelta Larga","10.6442","-62.9839","lekking","//www.xeno-canto.org/108474/download","//creativecommons.org/licenses/by-nc-nd/2.5/","//www.xeno-canto.org/108474","A","07.00","2012-08-07","70","//www.xeno-canto.org/sounds/uploaded/TTSQGWDDGW/ffts/XC108474-small.png","//www.xeno-canto.org/sounds/uploaded/TTSQGWDDGW/ffts/XC108474-med.png","//www.xeno-canto.org/sounds/uploaded/TTSQGWDDGW/ffts/XC108474-large.png","//www.xeno-canto.org/sounds/uploaded/TTSQGWDDGW/ffts/XC108474-full.png","0:10","2012-08-25","Ramphastos tucanus","calling 5 meters of forest edge","unknown","unknown",NA,NA,NA,NA,NA,NA,NA,NA
"64986","Phaethornis","longuemareus","","Little Hermit","Alexandre Renaudier","French Guiana","cayenne",NA,NA,"lekking birds","//www.xeno-canto.org/64986/download","//creativecommons.org/licenses/by-nc-nd/2.5/","//www.xeno-canto.org/64986","A","?","2010-09-29","1","//www.xeno-canto.org/sounds/uploaded/GKADEITXTH/ffts/XC64986-small.png","//www.xeno-canto.org/sounds/uploaded/GKADEITXTH/ffts/XC64986-med.png","//www.xeno-canto.org/sounds/uploaded/GKADEITXTH/ffts/XC64986-large.png","//www.xeno-canto.org/sounds/uploaded/GKADEITXTH/ffts/XC64986-full.png","0:41","2010-11-05","Querula purpurata","","unknown","unknown",NA,NA,NA,NA,NA,NA,NA,NA
"64985","Phaethornis","longuemareus","","Little Hermit","Alexandre Renaudier","French Guiana","Cayenne",NA,NA,"lekking birds","//www.xeno-canto.org/64985/download","//creativecommons.org/licenses/by-nc-nd/2.5/","//www.xeno-canto.org/64985","A","?","2010-09-29","1","//www.xeno-canto.org/sounds/uploaded/GKADEITXTH/ffts/XC64985-small.png","//www.xeno-canto.org/sounds/uploaded/GKADEITXTH/ffts/XC64985-med.png","//www.xeno-canto.org/sounds/uploaded/GKADEITXTH/ffts/XC64985-large.png","//www.xeno-canto.org/sounds/uploaded/GKADEITXTH/ffts/XC64985-full.png","0:25","2010-11-05","","","unknown","unknown",NA,NA,NA,NA,NA,NA,NA,NA
"55248","Phaethornis","longuemareus","","Little Hermit","Patrick INGREMEAU","French Guiana","Guatemala - Kourou",NA,NA,"song","//www.xeno-canto.org/55248/download","//creativecommons.org/licenses/by-nc-nd/2.5/","//www.xeno-canto.org/55248","A","07:16","2010-06-12","0","//www.xeno-canto.org/sounds/uploaded/IIVTYSKEYX/ffts/XC55248-small.png","//www.xeno-canto.org/sounds/uploaded/IIVTYSKEYX/ffts/XC55248-med.png","//www.xeno-canto.org/sounds/uploaded/IIVTYSKEYX/ffts/XC55248-large.png","//www.xeno-canto.org/sounds/uploaded/IIVTYSKEYX/ffts/XC55248-full.png","1:05","2010-06-14","","","unknown","unknown",NA,NA,NA,NA,NA,NA,NA,NA
"46696","Phaethornis","longuemareus","","Little Hermit","Marc de bont","Suriname","Plantage de Vier Hendrikken","5.716","-55.352","song","//www.xeno-canto.org/46696/download","//creativecommons.org/licenses/by-nc-nd/2.5/","//www.xeno-canto.org/46696","A","11:30","2010-02-25","1","//www.xeno-canto.org/sounds/uploaded/TTBGFAELVD/ffts/XC46696-small.png","//www.xeno-canto.org/sounds/uploaded/TTBGFAELVD/ffts/XC46696-med.png","//www.xeno-canto.org/sounds/uploaded/TTBGFAELVD/ffts/XC46696-large.png","//www.xeno-canto.org/sounds/uploaded/TTBGFAELVD/ffts/XC46696-full.png","1:49","2010-04-12","Arremon taciturnus","three birds singing in a lek in the undergrowth of secondary forest on an old plantation","unknown","unknown",NA,NA,NA,NA,NA,NA,NA,NA
"44089","Phaethornis","longuemareus","","Little Hermit","Alexandre Renaudier","French Guiana","Awala-Yalimapo, Coswine","5.7334","-53.9001","song","//www.xeno-canto.org/44089/download","//creativecommons.org/licenses/by-nc-nd/2.5/","//www.xeno-canto.org/44089","A","?:?","2010-01-14","9","//www.xeno-canto.org/sounds/uploaded/GKADEITXTH/ffts/XC44089-small.png","//www.xeno-canto.org/sounds/uploaded/GKADEITXTH/ffts/XC44089-med.png","//www.xeno-canto.org/sounds/uploaded/GKADEITXTH/ffts/XC44089-large.png","//www.xeno-canto.org/sounds/uploaded/GKADEITXTH/ffts/XC44089-full.png","0:24","2010-02-07","","natural recording","unknown","unknown",NA,NA,NA,NA,NA,NA,NA,NA
"22879","Phaethornis","longuemareus","","Little Hermit","Alexandre Renaudier","Venezuela","Delta Amacuro, Tucupita","9.06861","-62.04917","song","//www.xeno-canto.org/22879/download","//creativecommons.org/licenses/by-nc-nd/2.5/","//www.xeno-canto.org/22879","A","?","2008-08-20","?","//www.xeno-canto.org/sounds/uploaded/GKADEITXTH/ffts/XC22879-small.png","//www.xeno-canto.org/sounds/uploaded/GKADEITXTH/ffts/XC22879-med.png","//www.xeno-canto.org/sounds/uploaded/GKADEITXTH/ffts/XC22879-large.png","//www.xeno-canto.org/sounds/uploaded/GKADEITXTH/ffts/XC22879-full.png","0:32","2008-11-20","","bird not seen","unknown","unknown",NA,NA,NA,NA,NA,NA,NA,NA
"8227","Phaethornis","longuemareus","","Little Hermit","Nick Athanas","Venezuela","Caño Colorado, ne of Maturín, Monagas","9.8773","-62.9687","lekking","//www.xeno-canto.org/8227/download","//creativecommons.org/licenses/by-nc-sa/3.0/","//www.xeno-canto.org/8227","A","15:00","2002-05-06","10","//www.xeno-canto.org/sounds/uploaded/XRABICUARW/ffts/XC8227-small.png","//www.xeno-canto.org/sounds/uploaded/XRABICUARW/ffts/XC8227-med.png","//www.xeno-canto.org/sounds/uploaded/XRABICUARW/ffts/XC8227-large.png","//www.xeno-canto.org/sounds/uploaded/XRABICUARW/ffts/XC8227-full.png","0:22","2008-11-20","","Song at a lek","unknown","unknown",NA,NA,NA,NA,NA,NA,NA,NA
"479115","Phaethornis","longuemareus","","Little Hermit","Brice de la Croix","French Guiana","Sentier Vidal, Cayenne","4.8795","-52.2864","song","//www.xeno-canto.org/479115/download","//creativecommons.org/licenses/by-nc-sa/4.0/","//www.xeno-canto.org/479115","B","16:30","2019-03-23","30","//www.xeno-canto.org/sounds/uploaded/LNPOUHUARA/ffts/XC479115-small.png","//www.xeno-canto.org/sounds/uploaded/LNPOUHUARA/ffts/XC479115-med.png","//www.xeno-canto.org/sounds/uploaded/LNPOUHUARA/ffts/XC479115-large.png","//www.xeno-canto.org/sounds/uploaded/LNPOUHUARA/ffts/XC479115-full.png","0:20","2019-06-07","","","yes","no",NA,NA,NA,NA,NA,NA,NA,NA
"479114","Phaethornis","longuemareus","","Little Hermit","Brice de la Croix","French Guiana","Sentier Vidal, Cayenne","4.8795","-52.2864","song","//www.xeno-canto.org/479114/download","//creativecommons.org/licenses/by-nc-sa/4.0/","//www.xeno-canto.org/479114","B","16:30","2019-03-23","30","//www.xeno-canto.org/sounds/uploaded/LNPOUHUARA/ffts/XC479114-small.png","//www.xeno-canto.org/sounds/uploaded/LNPOUHUARA/ffts/XC479114-med.png","//www.xeno-canto.org/sounds/uploaded/LNPOUHUARA/ffts/XC479114-large.png","//www.xeno-canto.org/sounds/uploaded/LNPOUHUARA/ffts/XC479114-full.png","0:24","2019-06-07","","","yes","no",NA,NA,NA,NA,NA,NA,NA,NA
"479113","Phaethornis","longuemareus","","Little Hermit","Brice de la Croix","French Guiana","Sentier Vidal, Cayenne","4.8795","-52.2864","song","//www.xeno-canto.org/479113/download","//creativecommons.org/licenses/by-nc-sa/4.0/","//www.xeno-canto.org/479113","B","16:30","2019-03-23","30","//www.xeno-canto.org/sounds/uploaded/LNPOUHUARA/ffts/XC479113-small.png","//www.xeno-canto.org/sounds/uploaded/LNPOUHUARA/ffts/XC479113-med.png","//www.xeno-canto.org/sounds/uploaded/LNPOUHUARA/ffts/XC479113-large.png","//www.xeno-canto.org/sounds/uploaded/LNPOUHUARA/ffts/XC479113-full.png","0:27","2019-06-07","","","yes","no",NA,NA,NA,NA,NA,NA,NA,NA
"227586","Phaethornis","longuemareus","","Little Hermit","Peter Boesman","Venezuela","Caño Colorado, Monagas","9.9166666667","-62.9166666667","song","//www.xeno-canto.org/227586/download","//creativecommons.org/licenses/by-nc-nd/4.0/","//www.xeno-canto.org/227586","B","?","1994-03-05","0 - 20","//www.xeno-canto.org/sounds/uploaded/OOECIWCSWV/ffts/XC227586-small.png","//www.xeno-canto.org/sounds/uploaded/OOECIWCSWV/ffts/XC227586-med.png","//www.xeno-canto.org/sounds/uploaded/OOECIWCSWV/ffts/XC227586-large.png","//www.xeno-canto.org/sounds/uploaded/OOECIWCSWV/ffts/XC227586-full.png","0:20","2015-03-23","","ID certainty 90%. (Archiv. tape 8 side A track 26 seq. A)","unknown","unknown",NA,NA,NA,NA,NA,NA,NA,NA
"355655","Phaethornis","longuemareus","","Little Hermit","Katinka Domen","Honduras"," Mábita , Gracias a Dios","14.8083","-84.5262","call","//www.xeno-canto.org/355655/download","//creativecommons.org/licenses/by-nc-sa/4.0/","//www.xeno-canto.org/355655","C","11:00","2017-01-14","140","//www.xeno-canto.org/sounds/uploaded/PXYZPUNNTZ/ffts/XC355655-small.png","//www.xeno-canto.org/sounds/uploaded/PXYZPUNNTZ/ffts/XC355655-med.png","//www.xeno-canto.org/sounds/uploaded/PXYZPUNNTZ/ffts/XC355655-large.png","//www.xeno-canto.org/sounds/uploaded/PXYZPUNNTZ/ffts/XC355655-full.png","0:35","2017-02-14","","Recorded in the gallery forest around Mabita. Both dry chatter and more whistling chatter are up for identification, as I am not even sure if they belong to the same individual/species. No visuals at all. Sounds heard low to midlevel.","no","no",NA,NA,NA,NA,NA,NA,NA,NA
"127101","Phaethornis","idaliae","","Minute Hermit","Noé Eiterer","Brazil","Aracruz, Espirito Santo","-19.8189","-40.2739","song","//www.xeno-canto.org/127101/download","//creativecommons.org/licenses/by-nc-sa/3.0/","//www.xeno-canto.org/127101","A","10:00","2013-02-01","60","//www.xeno-canto.org/sounds/uploaded/TWSKITNQOV/ffts/XC127101-small.png","//www.xeno-canto.org/sounds/uploaded/TWSKITNQOV/ffts/XC127101-med.png","//www.xeno-canto.org/sounds/uploaded/TWSKITNQOV/ffts/XC127101-large.png","//www.xeno-canto.org/sounds/uploaded/TWSKITNQOV/ffts/XC127101-full.png","0:26","2013-03-24","","","yes","no",NA,NA,NA,NA,NA,NA,NA,NA
"13539","Phaethornis","idaliae","","Minute Hermit","Augusto Alves","Brazil","Rio Doce State Park, Minas Gerais","-19.5001","-41.167","call","//www.xeno-canto.org/13539/download","//creativecommons.org/licenses/by-nc-nd/2.5/","//www.xeno-canto.org/13539","C","06","2007-04-01","200","//www.xeno-canto.org/sounds/uploaded/SFAWGULFER/ffts/XC13539-small.png","//www.xeno-canto.org/sounds/uploaded/SFAWGULFER/ffts/XC13539-med.png","//www.xeno-canto.org/sounds/uploaded/SFAWGULFER/ffts/XC13539-large.png","//www.xeno-canto.org/sounds/uploaded/SFAWGULFER/ffts/XC13539-full.png","0:11","2008-11-20","","","unknown","unknown",NA,NA,NA,NA,NA,NA,NA,NA
"13578","Phaethornis","idaliae","","Minute Hermit","Augusto Alves","Brazil","Santa Cruz - ES",NA,NA,"flight callsl","//www.xeno-canto.org/13578/download","//creativecommons.org/licenses/by-nc-nd/2.5/","//www.xeno-canto.org/13578","D","09:13","2007-04-07","0","//www.xeno-canto.org/sounds/uploaded/SFAWGULFER/ffts/XC13578-small.png","//www.xeno-canto.org/sounds/uploaded/SFAWGULFER/ffts/XC13578-med.png","//www.xeno-canto.org/sounds/uploaded/SFAWGULFER/ffts/XC13578-large.png","//www.xeno-canto.org/sounds/uploaded/SFAWGULFER/ffts/XC13578-full.png","0:07","2008-11-20",NA,"","unknown","unknown","Tangara mexicana","Euphonia chlorotica",NA,NA,NA,NA,NA,NA
"432347","Phaethornis","nattereri","maranhaoensis","Cinnamon-throated Hermit","JAYRSON ARAUJO DE OLIVEIRA","Brazil","Aruanã - GO (near  Aruanã), Aruanã, Goiás","-14.917","-51.0755","song","//www.xeno-canto.org/432347/download","//creativecommons.org/licenses/by-nc-sa/4.0/","//www.xeno-canto.org/432347","A","7:54","2018-08-26","260","//www.xeno-canto.org/sounds/uploaded/LXKLWEDKEM/ffts/XC432347-small.png","//www.xeno-canto.org/sounds/uploaded/LXKLWEDKEM/ffts/XC432347-med.png","//www.xeno-canto.org/sounds/uploaded/LXKLWEDKEM/ffts/XC432347-large.png","//www.xeno-canto.org/sounds/uploaded/LXKLWEDKEM/ffts/XC432347-full.png","0:27","2018-08-28","","","yes","no",NA,NA,NA,NA,NA,NA,NA,NA
"432340","Phaethornis","nattereri","maranhaoensis","Cinnamon-throated Hermit","JAYRSON ARAUJO DE OLIVEIRA","Brazil","Aruanã - GO (near  Aruanã), Aruanã, Goiás","-14.917","-51.0755","song","//www.xeno-canto.org/432340/download","//creativecommons.org/licenses/by-nc-sa/4.0/","//www.xeno-canto.org/432340","A","7:29","2018-08-26","260","//www.xeno-canto.org/sounds/uploaded/LXKLWEDKEM/ffts/XC432340-small.png","//www.xeno-canto.org/sounds/uploaded/LXKLWEDKEM/ffts/XC432340-med.png","//www.xeno-canto.org/sounds/uploaded/LXKLWEDKEM/ffts/XC432340-large.png","//www.xeno-canto.org/sounds/uploaded/LXKLWEDKEM/ffts/XC432340-full.png","1:07","2018-08-28","","","yes","no",NA,NA,NA,NA,NA,NA,NA,NA
"288643","Phaethornis","nattereri","""maranhoensis""","Cinnamon-throated Hermit","Jeremy Minns","Brazil","Altos, Piaui","-5.0501","-42.5501","song","//www.xeno-canto.org/288643/download","//creativecommons.org/licenses/by-nc-sa/4.0/","//www.xeno-canto.org/288643","A","07:54","1998-03-08","220","//www.xeno-canto.org/sounds/uploaded/DGVLLRYDXS/ffts/XC288643-small.png","//www.xeno-canto.org/sounds/uploaded/DGVLLRYDXS/ffts/XC288643-med.png","//www.xeno-canto.org/sounds/uploaded/DGVLLRYDXS/ffts/XC288643-large.png","//www.xeno-canto.org/sounds/uploaded/DGVLLRYDXS/ffts/XC288643-full.png","0:27","2015-11-04","","humid forest edge - lek in low bushes","yes","unknown",NA,NA,NA,NA,NA,NA,NA,NA
"287836","Phaethornis","nattereri","""maranhaoensis""","Cinnamon-throated Hermit","Jeremy Minns","Brazil","Teresina, Piauí","-5.0657","-42.7126","song","//www.xeno-canto.org/287836/download","//creativecommons.org/licenses/by-nc-sa/4.0/","//www.xeno-canto.org/287836","A","17:30","1998-03-05","120","//www.xeno-canto.org/sounds/uploaded/DGVLLRYDXS/ffts/XC287836-small.png","//www.xeno-canto.org/sounds/uploaded/DGVLLRYDXS/ffts/XC287836-med.png","//www.xeno-canto.org/sounds/uploaded/DGVLLRYDXS/ffts/XC287836-large.png","//www.xeno-canto.org/sounds/uploaded/DGVLLRYDXS/ffts/XC287836-full.png","0:31","2015-10-29","","Turning off BR343,10km from Teresina - bird perched 1.5m from ground in dense  bush in lek, with others singing nearby - a little bigger than Phaethornis ruber or idaliae - crown dark cinnamon - throat and breast bright cinnamon - belly paler and whitish - rump cinnamon - this taxon is probably a separate species: Phaethornis maranhaoensis.","yes","unknown",NA,NA,NA,NA,NA,NA,NA,NA
"227612","Phaethornis","nattereri","","Cinnamon-throated Hermit","Peter Boesman","Brazil","Pantanal, Porto Jofre area, Mato Grosso","-17.4166666667","-56.75","song","//www.xeno-canto.org/227612/download","//creativecommons.org/licenses/by-nc-nd/4.0/","//www.xeno-canto.org/227612","A","08:45","2005-07-29","?","//www.xeno-canto.org/sounds/uploaded/OOECIWCSWV/ffts/XC227612-small.png","//www.xeno-canto.org/sounds/uploaded/OOECIWCSWV/ffts/XC227612-med.png","//www.xeno-canto.org/sounds/uploaded/OOECIWCSWV/ffts/XC227612-large.png","//www.xeno-canto.org/sounds/uploaded/OOECIWCSWV/ffts/XC227612-full.png","0:41","2015-03-23","","ID certainty 90%. ID based on voice.  (Archiv. tape 377 side A track 38 seq. A)","unknown","unknown",NA,NA,NA,NA,NA,NA,NA,NA
"227611","Phaethornis","nattereri","","Cinnamon-throated Hermit","Peter Boesman","Brazil","Pantanal, Porto Jofre area, Mato Grosso","-17.4166666667","-56.75","song","//www.xeno-canto.org/227611/download","//creativecommons.org/licenses/by-nc-nd/4.0/","//www.xeno-canto.org/227611","A","12:00","2005-07-29","?","//www.xeno-canto.org/sounds/uploaded/OOECIWCSWV/ffts/XC227611-small.png","//www.xeno-canto.org/sounds/uploaded/OOECIWCSWV/ffts/XC227611-med.png","//www.xeno-canto.org/sounds/uploaded/OOECIWCSWV/ffts/XC227611-large.png","//www.xeno-canto.org/sounds/uploaded/OOECIWCSWV/ffts/XC227611-full.png","0:27","2015-03-23","","ID certainty 100%. ID based on voice. (Archiv. tape 377 side B track 16 seq. B)","unknown","unknown",NA,NA,NA,NA,NA,NA,NA,NA
"10042","Phaethornis","nattereri","maranhaoensis","Cinnamon-throated Hermit","Fabio Olmos","Brazil","lower rio Itaueiras, Maranhao",NA,NA,"song","//www.xeno-canto.org/10042/download","//creativecommons.org/licenses/by-nc-nd/2.5/","//www.xeno-canto.org/10042","A","09:30","2006-02-06","200","//www.xeno-canto.org/sounds/uploaded/KSFTXTWUGU/ffts/XC10042-small.png","//www.xeno-canto.org/sounds/uploaded/KSFTXTWUGU/ffts/XC10042-med.png","//www.xeno-canto.org/sounds/uploaded/KSFTXTWUGU/ffts/XC10042-large.png","//www.xeno-canto.org/sounds/uploaded/KSFTXTWUGU/ffts/XC10042-full.png","0:43","2008-11-20","","one in a lek of about 5","unknown","unknown",NA,NA,NA,NA,NA,NA,NA,NA
"358887","Phaethornis","nattereri","""maranhaoensis""","Cinnamon-throated Hermit","Tulio Dornas","Brazil","P.A. Nova União, Araguatins, Tocantins","-5.3217","-48.3606","song","//www.xeno-canto.org/358887/download","//creativecommons.org/licenses/by-nc-sa/4.0/","//www.xeno-canto.org/358887","B","09:00","2014-07-04","150","//www.xeno-canto.org/sounds/uploaded/MTUQGBMRNC/ffts/XC358887-small.png","//www.xeno-canto.org/sounds/uploaded/MTUQGBMRNC/ffts/XC358887-med.png","//www.xeno-canto.org/sounds/uploaded/MTUQGBMRNC/ffts/XC358887-large.png","//www.xeno-canto.org/sounds/uploaded/MTUQGBMRNC/ffts/XC358887-full.png","0:25","2017-03-13","","Com Dianes Marcelino","yes","no",NA,NA,NA,NA,NA,NA,NA,NA
"291218","Phaethornis","nattereri","","Cinnamon-throated Hermit","Liliane Seixas","Brazil","Tangará da Serra, Campo Novo do Parecis, Mato Grosso","-14.4051","-57.7718","song","//www.xeno-canto.org/291218/download","//creativecommons.org/licenses/by-nc-sa/4.0/","//www.xeno-canto.org/291218","B","08:30","2015-10-04","300","//www.xeno-canto.org/sounds/uploaded/RVJWNTWFBJ/ffts/XC291218-small.png","//www.xeno-canto.org/sounds/uploaded/RVJWNTWFBJ/ffts/XC291218-med.png","//www.xeno-canto.org/sounds/uploaded/RVJWNTWFBJ/ffts/XC291218-large.png","//www.xeno-canto.org/sounds/uploaded/RVJWNTWFBJ/ffts/XC291218-full.png","0:47","2015-11-19","","Bird perched inside a bush in open savannah area. Trasition area between Cerrado and Amazon forest (Amazon forest enclave). South limit of Amazon forest.  Considered an adult by plumage.","yes","no",NA,NA,NA,NA,NA,NA,NA,NA
"85293","Phaethornis","nattereri","""maranhaoensis""","Cinnamon-throated Hermit","Jeremy Minns","Brazil","Rio Araguaia. Caseara","-9.2258","-49.978","Song","//www.xeno-canto.org/85293/download","//creativecommons.org/licenses/by-nc-sa/3.0/","//www.xeno-canto.org/85293","B","07:34","2002-01-26","170","//www.xeno-canto.org/sounds/uploaded/DGVLLRYDXS/ffts/XC85293-small.png","//www.xeno-canto.org/sounds/uploaded/DGVLLRYDXS/ffts/XC85293-med.png","//www.xeno-canto.org/sounds/uploaded/DGVLLRYDXS/ffts/XC85293-large.png","//www.xeno-canto.org/sounds/uploaded/DGVLLRYDXS/ffts/XC85293-full.png","0:10","2011-08-03","","Edge of flooded forest beside the Rio Araguaia. Perched low down inside the vegetation near the water. This taxon is probably a good species: Phaethornis maranhaoensis","unknown","unknown",NA,NA,NA,NA,NA,NA,NA,NA
"85292","Phaethornis","nattereri","""maranhaoensis""","Cinnamon-throated Hermit","Jeremy Minns","Brazil","Altos, Piaui","-5.0501","-42.5501","Song","//www.xeno-canto.org/85292/download","//creativecommons.org/licenses/by-nc-sa/3.0/","//www.xeno-canto.org/85292","B","10:08","1998-03-06","100","//www.xeno-canto.org/sounds/uploaded/DGVLLRYDXS/ffts/XC85292-small.png","//www.xeno-canto.org/sounds/uploaded/DGVLLRYDXS/ffts/XC85292-med.png","//www.xeno-canto.org/sounds/uploaded/DGVLLRYDXS/ffts/XC85292-large.png","//www.xeno-canto.org/sounds/uploaded/DGVLLRYDXS/ffts/XC85292-full.png","0:25","2011-08-03","","Fazenda Isabel. Sounds of a lek formed by several birds in low bushes. This taxon is probably a good species: Phaethornis maranhaoensis","unknown","unknown",NA,NA,NA,NA,NA,NA,NA,NA
"74019","Phaethornis","nattereri","","Cinnamon-throated Hermit","Joseph Tobias and Nathalie Seddon","Bolivia","Los Indios, Pando, BO","-10.53336111","-65.60780556","song","//www.xeno-canto.org/74019/download","//creativecommons.org/licenses/by-nc-sa/3.0/","//www.xeno-canto.org/74019","B","08:50","2005-10-10","150","//www.xeno-canto.org/sounds/uploaded/IKMWQIXRNV/ffts/XC74019-small.png","//www.xeno-canto.org/sounds/uploaded/IKMWQIXRNV/ffts/XC74019-med.png","//www.xeno-canto.org/sounds/uploaded/IKMWQIXRNV/ffts/XC74019-large.png","//www.xeno-canto.org/sounds/uploaded/IKMWQIXRNV/ffts/XC74019-full.png","0:08","2011-03-23",NA,"track T135. Habitat: Tall riverine forest. Weather: Clear, humid. Perch height: 1m. Distance to observer: 6m. Id-ed by: sight. Sex of main vocalizer: ?. Number vocalizing: 1.","unknown","unknown","Myiozetetes luteiventris","Tolmomyias assimilis",NA,NA,NA,NA,NA,NA
"9593","Phaethornis","nattereri","","Cinnamon-throated Hermit","Allen T. Chartier","Brazil","Bridalveil Falls, Chapada dos Guimaraes NP, Mato Grosso","-15.4089","-55.832","Song, lekking","//www.xeno-canto.org/9593/download","//creativecommons.org/licenses/by-nc-sa/3.0/","//www.xeno-canto.org/9593","B","?","1993-11-20","590","//www.xeno-canto.org/sounds/uploaded/AZXTZTQJRO/ffts/XC9593-small.png","//www.xeno-canto.org/sounds/uploaded/AZXTZTQJRO/ffts/XC9593-med.png","//www.xeno-canto.org/sounds/uploaded/AZXTZTQJRO/ffts/XC9593-large.png","//www.xeno-canto.org/sounds/uploaded/AZXTZTQJRO/ffts/XC9593-full.png","0:29","2008-11-20","","Several individuals","unknown","unknown",NA,NA,NA,NA,NA,NA,NA,NA
"9592","Phaethornis","nattereri","","Cinnamon-throated Hermit","Allen T. Chartier","Brazil","Bridalveil Falls, Chapada dos Guimaraes NP, Mato Grosso","-15.4089","-55.832","Song, lekking","//www.xeno-canto.org/9592/download","//creativecommons.org/licenses/by-nc-sa/3.0/","//www.xeno-canto.org/9592","C","?","1993-11-20","590","//www.xeno-canto.org/sounds/uploaded/AZXTZTQJRO/ffts/XC9592-small.png","//www.xeno-canto.org/sounds/uploaded/AZXTZTQJRO/ffts/XC9592-med.png","//www.xeno-canto.org/sounds/uploaded/AZXTZTQJRO/ffts/XC9592-large.png","//www.xeno-canto.org/sounds/uploaded/AZXTZTQJRO/ffts/XC9592-full.png","0:18","2008-11-20","","Several individuals","unknown","unknown",NA,NA,NA,NA,NA,NA,NA,NA
"227613","Phaethornis","nattereri","","Cinnamon-throated Hermit","Peter Boesman","Brazil","Pantanal, Porto Jofre area, Mato Grosso","-17.4166666667","-56.75","song","//www.xeno-canto.org/227613/download","//creativecommons.org/licenses/by-nc-nd/4.0/","//www.xeno-canto.org/227613","D","12:00","2005-07-29","?","//www.xeno-canto.org/sounds/uploaded/OOECIWCSWV/ffts/XC227613-small.png","//www.xeno-canto.org/sounds/uploaded/OOECIWCSWV/ffts/XC227613-med.png","//www.xeno-canto.org/sounds/uploaded/OOECIWCSWV/ffts/XC227613-large.png","//www.xeno-canto.org/sounds/uploaded/OOECIWCSWV/ffts/XC227613-full.png","0:22","2015-03-23","","ID certainty 90%. ID based on voice. (Archiv. tape 377 side B track 15 seq. A)","unknown","unknown",NA,NA,NA,NA,NA,NA,NA,NA
"9591","Phaethornis","nattereri","","Cinnamon-throated Hermit","Allen T. Chartier","Brazil","Bridalveil Falls, Chapada dos Guimaraes NP, Mato Grosso","-15.4089","-55.832","Song, lekking","//www.xeno-canto.org/9591/download","//creativecommons.org/licenses/by-nc-sa/3.0/","//www.xeno-canto.org/9591","D","?","1993-11-20","590","//www.xeno-canto.org/sounds/uploaded/AZXTZTQJRO/ffts/XC9591-small.png","//www.xeno-canto.org/sounds/uploaded/AZXTZTQJRO/ffts/XC9591-med.png","//www.xeno-canto.org/sounds/uploaded/AZXTZTQJRO/ffts/XC9591-large.png","//www.xeno-canto.org/sounds/uploaded/AZXTZTQJRO/ffts/XC9591-full.png","0:18","2008-11-20","","Several individuals","unknown","unknown",NA,NA,NA,NA,NA,NA,NA,NA
"430053","Phaethornis","ruber","","Reddish Hermit","François N. Sagot-Martin","Brazil","Natal, Natal, Rio Grande do Norte","-5.8117","-35.1934","call","//www.xeno-canto.org/430053/download","//creativecommons.org/licenses/by-nc-sa/4.0/","//www.xeno-canto.org/430053","no score","06:00","2004-11-30","50","//www.xeno-canto.org/sounds/uploaded/QCUJUKRUYO/ffts/XC430053-small.png","//www.xeno-canto.org/sounds/uploaded/QCUJUKRUYO/ffts/XC430053-med.png","//www.xeno-canto.org/sounds/uploaded/QCUJUKRUYO/ffts/XC430053-large.png","//www.xeno-canto.org/sounds/uploaded/QCUJUKRUYO/ffts/XC430053-full.png","0:20","2018-08-09","","","no","no",NA,NA,NA,NA,NA,NA,NA,NA
"419596","Phaethornis","ruber","","Reddish Hermit","Fernando Igor de Godoy","Brazil","Porto Seguro, Bahia","-16.4525","-39.2554","display","//www.xeno-canto.org/419596/download","//creativecommons.org/licenses/by-nc-sa/4.0/","//www.xeno-canto.org/419596","no score","06:30","2014-09-21","80","//www.xeno-canto.org/sounds/uploaded/CHDHFSVVIN/ffts/XC419596-small.png","//www.xeno-canto.org/sounds/uploaded/CHDHFSVVIN/ffts/XC419596-med.png","//www.xeno-canto.org/sounds/uploaded/CHDHFSVVIN/ffts/XC419596-large.png","//www.xeno-canto.org/sounds/uploaded/CHDHFSVVIN/ffts/XC419596-full.png","0:31","2018-06-08","","FCF01316 - Fonoteca Casa da Floresta","yes","no",NA,NA,NA,NA,NA,NA,NA,NA
"490095","Phaethornis","ruber","","Reddish Hermit","Dante Buzzetti","Brazil","Igarapé Chandless-chá,Parque Estadual Chandless,Manuel Urbano,Acre","-9.81","-70.08","song","//www.xeno-canto.org/490095/download","//creativecommons.org/licenses/by-nc-sa/4.0/","//www.xeno-canto.org/490095","A","10:40","2008-02-22","200","//www.xeno-canto.org/sounds/uploaded/YOXWKYFZAP/ffts/XC490095-small.png","//www.xeno-canto.org/sounds/uploaded/YOXWKYFZAP/ffts/XC490095-med.png","//www.xeno-canto.org/sounds/uploaded/YOXWKYFZAP/ffts/XC490095-large.png","//www.xeno-canto.org/sounds/uploaded/YOXWKYFZAP/ffts/XC490095-full.png","1:30","2019-08-02","","DCB 608-7","yes","no",NA,NA,NA,NA,NA,NA,NA,NA
"471152","Phaethornis","ruber","","Reddish Hermit","Marcelo J Feliti","Brazil","Santo André, Santo André, São Paulo","-23.7738","-46.2932","call, flight call","//www.xeno-canto.org/471152/download","//creativecommons.org/licenses/by-nc-sa/4.0/","//www.xeno-canto.org/471152","A","7:30","2019-05-04","900","//www.xeno-canto.org/sounds/uploaded/DJHLXVSKSM/ffts/XC471152-small.png","//www.xeno-canto.org/sounds/uploaded/DJHLXVSKSM/ffts/XC471152-med.png","//www.xeno-canto.org/sounds/uploaded/DJHLXVSKSM/ffts/XC471152-large.png","//www.xeno-canto.org/sounds/uploaded/DJHLXVSKSM/ffts/XC471152-full.png","0:17","2019-05-07","","","yes","no",NA,NA,NA,NA,NA,NA,NA,NA
"454954","Phaethornis","ruber","","Reddish Hermit","JAYRSON ARAUJO DE OLIVEIRA","Brazil","Silvânia, Goiás, Floresta Nacional de Silvânia.","-16.631","-48.6674","song","//www.xeno-canto.org/454954/download","//creativecommons.org/licenses/by-nc-sa/4.0/","//www.xeno-canto.org/454954","A","7:22","2019-02-02","950","//www.xeno-canto.org/sounds/uploaded/LXKLWEDKEM/ffts/XC454954-small.png","//www.xeno-canto.org/sounds/uploaded/LXKLWEDKEM/ffts/XC454954-med.png","//www.xeno-canto.org/sounds/uploaded/LXKLWEDKEM/ffts/XC454954-large.png","//www.xeno-canto.org/sounds/uploaded/LXKLWEDKEM/ffts/XC454954-full.png","0:46","2019-02-04","Schiffornis virescens","","yes","no",NA,NA,NA,NA,NA,NA,NA,NA
"435868","Phaethornis","ruber","ruber","Reddish Hermit","Guy Kirwan","Brazil","Igarapé Marmelo, Machadinho d'Oeste, Rondônia","-8.9654","-61.9391","male, song","//www.xeno-canto.org/435868/download","//creativecommons.org/licenses/by-nc-sa/4.0/","//www.xeno-canto.org/435868","A","08:00","2018-07-26","80","//www.xeno-canto.org/sounds/uploaded/BZVYBRUAAE/ffts/XC435868-small.png","//www.xeno-canto.org/sounds/uploaded/BZVYBRUAAE/ffts/XC435868-med.png","//www.xeno-canto.org/sounds/uploaded/BZVYBRUAAE/ffts/XC435868-large.png","//www.xeno-canto.org/sounds/uploaded/BZVYBRUAAE/ffts/XC435868-full.png","2:35","2018-09-24","Ramphastos tucanus","At lek in understorey of floodplain forest with many small palms.","yes","no",NA,NA,NA,NA,NA,NA,NA,NA
"428857","Phaethornis","ruber","","Reddish Hermit","JAYRSON ARAUJO DE OLIVEIRA","Brazil","Silvânia, Goiás, Floresta Nacional de Silvânia.","-16.631","-48.6674","song","//www.xeno-canto.org/428857/download","//creativecommons.org/licenses/by-nc-sa/4.0/","//www.xeno-canto.org/428857","A","9:35","2018-07-24","950","//www.xeno-canto.org/sounds/uploaded/LXKLWEDKEM/ffts/XC428857-small.png","//www.xeno-canto.org/sounds/uploaded/LXKLWEDKEM/ffts/XC428857-med.png","//www.xeno-canto.org/sounds/uploaded/LXKLWEDKEM/ffts/XC428857-large.png","//www.xeno-canto.org/sounds/uploaded/LXKLWEDKEM/ffts/XC428857-full.png","0:30","2018-07-30","Myiothlypis flaveola","","no","no",NA,NA,NA,NA,NA,NA,NA,NA
"419072","Phaethornis","ruber","","Reddish Hermit","JAYRSON ARAUJO DE OLIVEIRA","Brazil","Nerópolis, Goiás-Fundação Paulo de Tarso","-16.4314","-49.1459","song","//www.xeno-canto.org/419072/download","//creativecommons.org/licenses/by-nc-sa/4.0/","//www.xeno-canto.org/419072","A","7:30","2018-06-05","850","//www.xeno-canto.org/sounds/uploaded/LXKLWEDKEM/ffts/XC419072-small.png","//www.xeno-canto.org/sounds/uploaded/LXKLWEDKEM/ffts/XC419072-med.png","//www.xeno-canto.org/sounds/uploaded/LXKLWEDKEM/ffts/XC419072-large.png","//www.xeno-canto.org/sounds/uploaded/LXKLWEDKEM/ffts/XC419072-full.png","0:05","2018-06-07","Cyclarhis gujanensis","","yes","yes",NA,NA,NA,NA,NA,NA,NA,NA
"377623","Phaethornis","ruber","","Reddish Hermit","Robson Silva e Silva","Brazil","Ferreira Gomes, Amapá","0.9242","-51.2155","call","//www.xeno-canto.org/377623/download","//creativecommons.org/licenses/by-nc-sa/4.0/","//www.xeno-canto.org/377623","A","08:30","2017-06-18","70","//www.xeno-canto.org/sounds/uploaded/WZSVLIHYQF/ffts/XC377623-small.png","//www.xeno-canto.org/sounds/uploaded/WZSVLIHYQF/ffts/XC377623-med.png","//www.xeno-canto.org/sounds/uploaded/WZSVLIHYQF/ffts/XC377623-large.png","//www.xeno-canto.org/sounds/uploaded/WZSVLIHYQF/ffts/XC377623-full.png","0:06","2017-06-28","","","yes","no",NA,NA,NA,NA,NA,NA,NA,NA
"348308","Phaethornis","ruber","","Reddish Hermit","Robson Silva e Silva","Brazil","Jardim Melvi, Praia Grande, São Paulo","-24.0299","-46.5463","call","//www.xeno-canto.org/348308/download","//creativecommons.org/licenses/by-nc-sa/4.0/","//www.xeno-canto.org/348308","A","05:00","2016-12-27","10","//www.xeno-canto.org/sounds/uploaded/WZSVLIHYQF/ffts/XC348308-small.png","//www.xeno-canto.org/sounds/uploaded/WZSVLIHYQF/ffts/XC348308-med.png","//www.xeno-canto.org/sounds/uploaded/WZSVLIHYQF/ffts/XC348308-large.png","//www.xeno-canto.org/sounds/uploaded/WZSVLIHYQF/ffts/XC348308-full.png","0:06","2016-12-29",NA,"","yes","no","Myrmotherula unicolor","Vireo chivi",NA,NA,NA,NA,NA,NA
"292220","Phaethornis","ruber","","Reddish Hermit","Robson Silva e Silva","Brazil","Estação Ecológica de Murici, Alagoas","-9.3001","-35.9334","female, male, song","//www.xeno-canto.org/292220/download","//creativecommons.org/licenses/by-nc-sa/4.0/","//www.xeno-canto.org/292220","A","09:00","2015-11-26","110","//www.xeno-canto.org/sounds/uploaded/WZSVLIHYQF/ffts/XC292220-small.png","//www.xeno-canto.org/sounds/uploaded/WZSVLIHYQF/ffts/XC292220-med.png","//www.xeno-canto.org/sounds/uploaded/WZSVLIHYQF/ffts/XC292220-large.png","//www.xeno-canto.org/sounds/uploaded/WZSVLIHYQF/ffts/XC292220-full.png","0:20","2015-11-27","","","yes","no",NA,NA,NA,NA,NA,NA,NA,NA
"272265","Phaethornis","ruber","","Reddish Hermit","Peter Boesman","Suriname","Mozeskreek area, W Suriname","4.848194","-56.776361","song","//www.xeno-canto.org/272265/download","//creativecommons.org/licenses/by-nc-nd/4.0/","//www.xeno-canto.org/272265","A","09:30","2014-03-15","","//www.xeno-canto.org/sounds/uploaded/OOECIWCSWV/ffts/XC272265-small.png","//www.xeno-canto.org/sounds/uploaded/OOECIWCSWV/ffts/XC272265-med.png","//www.xeno-canto.org/sounds/uploaded/OOECIWCSWV/ffts/XC272265-large.png","//www.xeno-canto.org/sounds/uploaded/OOECIWCSWV/ffts/XC272265-full.png","0:49","2015-08-26","","","unknown","unknown",NA,NA,NA,NA,NA,NA,NA,NA
"272264","Phaethornis","ruber","","Reddish Hermit","Peter Boesman","Suriname","Mozeskreek area, W Suriname","4.848194","-56.776361","song","//www.xeno-canto.org/272264/download","//creativecommons.org/licenses/by-nc-nd/4.0/","//www.xeno-canto.org/272264","A","10:00","2014-03-14","","//www.xeno-canto.org/sounds/uploaded/OOECIWCSWV/ffts/XC272264-small.png","//www.xeno-canto.org/sounds/uploaded/OOECIWCSWV/ffts/XC272264-med.png","//www.xeno-canto.org/sounds/uploaded/OOECIWCSWV/ffts/XC272264-large.png","//www.xeno-canto.org/sounds/uploaded/OOECIWCSWV/ffts/XC272264-full.png","0:22","2015-08-26","","","unknown","unknown",NA,NA,NA,NA,NA,NA,NA,NA
"272263","Phaethornis","ruber","","Reddish Hermit","Peter Boesman","Suriname","Mozeskreek area, W Suriname","4.848194","-56.776361","call","//www.xeno-canto.org/272263/download","//creativecommons.org/licenses/by-nc-nd/4.0/","//www.xeno-canto.org/272263","A","10:00","2014-03-14","","//www.xeno-canto.org/sounds/uploaded/OOECIWCSWV/ffts/XC272263-small.png","//www.xeno-canto.org/sounds/uploaded/OOECIWCSWV/ffts/XC272263-med.png","//www.xeno-canto.org/sounds/uploaded/OOECIWCSWV/ffts/XC272263-large.png","//www.xeno-canto.org/sounds/uploaded/OOECIWCSWV/ffts/XC272263-full.png","0:07","2015-08-26","","","unknown","unknown",NA,NA,NA,NA,NA,NA,NA,NA
"272262","Phaethornis","ruber","","Reddish Hermit","Peter Boesman","Suriname","Mozeskreek area, W Suriname","4.848194","-56.776361","call","//www.xeno-canto.org/272262/download","//creativecommons.org/licenses/by-nc-nd/4.0/","//www.xeno-canto.org/272262","A","12:30","2014-03-10","","//www.xeno-canto.org/sounds/uploaded/OOECIWCSWV/ffts/XC272262-small.png","//www.xeno-canto.org/sounds/uploaded/OOECIWCSWV/ffts/XC272262-med.png","//www.xeno-canto.org/sounds/uploaded/OOECIWCSWV/ffts/XC272262-large.png","//www.xeno-canto.org/sounds/uploaded/OOECIWCSWV/ffts/XC272262-full.png","0:27","2015-08-26","","","unknown","unknown",NA,NA,NA,NA,NA,NA,NA,NA
"272261","Phaethornis","ruber","","Reddish Hermit","Peter Boesman","Suriname","Mozeskreek area, W Suriname","4.848194","-56.776361","call flight","//www.xeno-canto.org/272261/download","//creativecommons.org/licenses/by-nc-nd/4.0/","//www.xeno-canto.org/272261","A","12:30","2014-03-10","","//www.xeno-canto.org/sounds/uploaded/OOECIWCSWV/ffts/XC272261-small.png","//www.xeno-canto.org/sounds/uploaded/OOECIWCSWV/ffts/XC272261-med.png","//www.xeno-canto.org/sounds/uploaded/OOECIWCSWV/ffts/XC272261-large.png","//www.xeno-canto.org/sounds/uploaded/OOECIWCSWV/ffts/XC272261-full.png","0:03","2015-08-26","","","unknown","unknown",NA,NA,NA,NA,NA,NA,NA,NA
"272260","Phaethornis","ruber","","Reddish Hermit","Peter Boesman","Suriname","Mozeskreek area, W Suriname","4.848194","-56.776361","call","//www.xeno-canto.org/272260/download","//creativecommons.org/licenses/by-nc-nd/4.0/","//www.xeno-canto.org/272260","A","12:30","2014-03-10","","//www.xeno-canto.org/sounds/uploaded/OOECIWCSWV/ffts/XC272260-small.png","//www.xeno-canto.org/sounds/uploaded/OOECIWCSWV/ffts/XC272260-med.png","//www.xeno-canto.org/sounds/uploaded/OOECIWCSWV/ffts/XC272260-large.png","//www.xeno-canto.org/sounds/uploaded/OOECIWCSWV/ffts/XC272260-full.png","0:39","2015-08-26","","","unknown","unknown",NA,NA,NA,NA,NA,NA,NA,NA
"227588","Phaethornis","ruber","","Reddish Hermit","Peter Boesman","Venezuela","Rio Grande area, Bolivar","8.05","-61.6666666667","display","//www.xeno-canto.org/227588/download","//creativecommons.org/licenses/by-nc-nd/4.0/","//www.xeno-canto.org/227588","A","09:00","2002-07-23","100 - 400","//www.xeno-canto.org/sounds/uploaded/OOECIWCSWV/ffts/XC227588-small.png","//www.xeno-canto.org/sounds/uploaded/OOECIWCSWV/ffts/XC227588-med.png","//www.xeno-canto.org/sounds/uploaded/OOECIWCSWV/ffts/XC227588-large.png","//www.xeno-canto.org/sounds/uploaded/OOECIWCSWV/ffts/XC227588-full.png","0:35","2015-03-23","","ID certainty 100%. (Archiv. tape 151 side A track 32 seq. A)","unknown","unknown",NA,NA,NA,NA,NA,NA,NA,NA
"150024","Phaethornis","ruber","ruber","Reddish Hermit","Alex Lees","Brazil","Campos de Bragança, Para","-1.0054","-46.8002","flight call, wind whirr","//www.xeno-canto.org/150024/download","//creativecommons.org/licenses/by-nc-sa/3.0/","//www.xeno-canto.org/150024","A","07:00","2013-10-07","10","//www.xeno-canto.org/sounds/uploaded/INDDBZAFJL/ffts/XC150024-small.png","//www.xeno-canto.org/sounds/uploaded/INDDBZAFJL/ffts/XC150024-med.png","//www.xeno-canto.org/sounds/uploaded/INDDBZAFJL/ffts/XC150024-large.png","//www.xeno-canto.org/sounds/uploaded/INDDBZAFJL/ffts/XC150024-full.png","0:12","2013-10-08",NA,"secondary forest","yes","no","Chiroxiphia pareola","Veniliornis affinis",NA,NA,NA,NA,NA,NA
"145684","Phaethornis","ruber","","Reddish Hermit","Antonio Silveira","Brazil","Serra do Mar State Park. Picinguaba","-23.3334","-44.8834","male, song","//www.xeno-canto.org/145684/download","//creativecommons.org/licenses/by-nc-sa/3.0/","//www.xeno-canto.org/145684","A","08:00","1991-10-01","5","//www.xeno-canto.org/sounds/uploaded/NBJQSQJRYH/ffts/XC145684-small.png","//www.xeno-canto.org/sounds/uploaded/NBJQSQJRYH/ffts/XC145684-med.png","//www.xeno-canto.org/sounds/uploaded/NBJQSQJRYH/ffts/XC145684-large.png","//www.xeno-canto.org/sounds/uploaded/NBJQSQJRYH/ffts/XC145684-full.png","0:17","2013-08-19","","Several males singing in ""lek"".","yes","no",NA,NA,NA,NA,NA,NA,NA,NA
"128443","Phaethornis","ruber","","Reddish Hermit","Helberth J. C. Peixoto","Brazil","Contagem, Minas Gerais","-19.9386","-44.0529","male, song","//www.xeno-canto.org/128443/download","//creativecommons.org/licenses/by-nc-sa/3.0/","//www.xeno-canto.org/128443","A","08:00","2011-06-24","900","//www.xeno-canto.org/sounds/uploaded/XIRUVWSNEN/ffts/XC128443-small.png","//www.xeno-canto.org/sounds/uploaded/XIRUVWSNEN/ffts/XC128443-med.png","//www.xeno-canto.org/sounds/uploaded/XIRUVWSNEN/ffts/XC128443-large.png","//www.xeno-canto.org/sounds/uploaded/XIRUVWSNEN/ffts/XC128443-full.png","0:22","2013-04-04","","","yes","yes",NA,NA,NA,NA,NA,NA,NA,NA
"121892","Phaethornis","ruber","","Reddish Hermit","Dan Lane","Brazil","Estação Ecológica de Murici, Alagoas","-9.3001","-35.9334","song","//www.xeno-canto.org/121892/download","//creativecommons.org/licenses/by-nc-sa/3.0/","//www.xeno-canto.org/121892","A","08:30","2013-01-12","110","//www.xeno-canto.org/sounds/uploaded/WOEAFQRMUD/ffts/XC121892-small.png","//www.xeno-canto.org/sounds/uploaded/WOEAFQRMUD/ffts/XC121892-med.png","//www.xeno-canto.org/sounds/uploaded/WOEAFQRMUD/ffts/XC121892-large.png","//www.xeno-canto.org/sounds/uploaded/WOEAFQRMUD/ffts/XC121892-full.png","1:18","2013-02-18","","Presumed natural song from an unseen individual within about 1m up of the ground in dense understory of 15m-stature semi-humid forest on a ridge. Other individuals of this species were seen this day producing the same song.","no","no",NA,NA,NA,NA,NA,NA,NA,NA
"115185","Phaethornis","ruber","","Reddish Hermit","Noé Eiterer","Brazil","Viçosa, Minas Gerais","-20.79","-42.8882","song","//www.xeno-canto.org/115185/download","//creativecommons.org/licenses/by-nc-sa/3.0/","//www.xeno-canto.org/115185","A","09:00","2012-10-09","800","//www.xeno-canto.org/sounds/uploaded/TWSKITNQOV/ffts/XC115185-small.png","//www.xeno-canto.org/sounds/uploaded/TWSKITNQOV/ffts/XC115185-med.png","//www.xeno-canto.org/sounds/uploaded/TWSKITNQOV/ffts/XC115185-large.png","//www.xeno-canto.org/sounds/uploaded/TWSKITNQOV/ffts/XC115185-full.png","0:27","2012-12-22","","","unknown","yes",NA,NA,NA,NA,NA,NA,NA,NA
"114283","Phaethornis","ruber","","Reddish Hermit","Jon King","French Guiana","Saul, St Laurent Du Maroni","3.6217","-53.2088","male, song","//www.xeno-canto.org/114283/download","//creativecommons.org/licenses/by-nc-sa/3.0/","//www.xeno-canto.org/114283","A","09:24","2012-09-16","210","//www.xeno-canto.org/sounds/uploaded/LNEEOOWCQR/ffts/XC114283-small.png","//www.xeno-canto.org/sounds/uploaded/LNEEOOWCQR/ffts/XC114283-med.png","//www.xeno-canto.org/sounds/uploaded/LNEEOOWCQR/ffts/XC114283-large.png","//www.xeno-canto.org/sounds/uploaded/LNEEOOWCQR/ffts/XC114283-full.png","0:42","2012-12-08","","Distance to mic. 4m. Natural song at lek.","yes","no",NA,NA,NA,NA,NA,NA,NA,NA
"88355","Phaethornis","ruber","","Reddish Hermit","Alexandre Renaudier","French Guiana","Papaïchton, Abattis Kottica","3.80703","-54.14949","Song","//www.xeno-canto.org/88355/download","//creativecommons.org/licenses/by-nc-nd/2.5/","//www.xeno-canto.org/88355","A","?","2011-09-09","50","//www.xeno-canto.org/sounds/uploaded/GKADEITXTH/ffts/XC88355-small.png","//www.xeno-canto.org/sounds/uploaded/GKADEITXTH/ffts/XC88355-med.png","//www.xeno-canto.org/sounds/uploaded/GKADEITXTH/ffts/XC88355-large.png","//www.xeno-canto.org/sounds/uploaded/GKADEITXTH/ffts/XC88355-full.png","0:57","2011-10-11",NA,"","unknown","unknown","Percnostola rufifrons","Trogon violaceus","Patagioenas subvinacea","Manacus manacus",NA,NA,NA,NA
"87366","Phaethornis","ruber","","Reddish Hermit","Rodrigo Dela Rosa","Brazil","Caraguatatuba-São Paulo",NA,NA,"Song","//www.xeno-canto.org/87366/download","//creativecommons.org/licenses/by-nc-nd/2.5/","//www.xeno-canto.org/87366","A","09:30","2011-08-02","50","//www.xeno-canto.org/sounds/uploaded/VGXDJMKETZ/ffts/XC87366-small.png","//www.xeno-canto.org/sounds/uploaded/VGXDJMKETZ/ffts/XC87366-med.png","//www.xeno-canto.org/sounds/uploaded/VGXDJMKETZ/ffts/XC87366-large.png","//www.xeno-canto.org/sounds/uploaded/VGXDJMKETZ/ffts/XC87366-full.png","0:16","2011-09-10","","","unknown","unknown",NA,NA,NA,NA,NA,NA,NA,NA
"81841","Phaethornis","ruber","nigricinctus","Reddish Hermit","Andrew Spencer","Colombia","Mitu, Vaupes","1.2598","-70.2367","song","//www.xeno-canto.org/81841/download","//creativecommons.org/licenses/by-nc-nd/2.5/","//www.xeno-canto.org/81841","A","10:30","2011-06-11","190","//www.xeno-canto.org/sounds/uploaded/CDTGHVBGZP/ffts/XC81841-small.png","//www.xeno-canto.org/sounds/uploaded/CDTGHVBGZP/ffts/XC81841-med.png","//www.xeno-canto.org/sounds/uploaded/CDTGHVBGZP/ffts/XC81841-large.png","//www.xeno-canto.org/sounds/uploaded/CDTGHVBGZP/ffts/XC81841-full.png","0:28","2011-06-22","","natural vocalization","unknown","unknown",NA,NA,NA,NA,NA,NA,NA,NA
"66445","Phaethornis","ruber","","Reddish Hermit","Alexandre Renaudier","French Guiana","Régina, Montagne tortue","4.31667","-52.1333","song","//www.xeno-canto.org/66445/download","//creativecommons.org/licenses/by-nc-nd/2.5/","//www.xeno-canto.org/66445","A","?","2010-09-14","60","//www.xeno-canto.org/sounds/uploaded/GKADEITXTH/ffts/XC66445-small.png","//www.xeno-canto.org/sounds/uploaded/GKADEITXTH/ffts/XC66445-med.png","//www.xeno-canto.org/sounds/uploaded/GKADEITXTH/ffts/XC66445-large.png","//www.xeno-canto.org/sounds/uploaded/GKADEITXTH/ffts/XC66445-full.png","0:54","2010-12-16",NA,"","unknown","unknown","Cyclarhis gujanensis","Myrmothera campanisona",NA,NA,NA,NA,NA,NA
"63852","Phaethornis","ruber","","Reddish Hermit","Joseph Tobias and Nathalie Seddon","Bolivia","Noel Kempff Mercado National Park, Los Fierros","-14.55","-60.93","call","//www.xeno-canto.org/63852/download","//creativecommons.org/licenses/by-nc-sa/3.0/","//www.xeno-canto.org/63852","A","08:34","2002-11-23","?","//www.xeno-canto.org/sounds/uploaded/IKMWQIXRNV/ffts/XC63852-small.png","//www.xeno-canto.org/sounds/uploaded/IKMWQIXRNV/ffts/XC63852-med.png","//www.xeno-canto.org/sounds/uploaded/IKMWQIXRNV/ffts/XC63852-large.png","//www.xeno-canto.org/sounds/uploaded/IKMWQIXRNV/ffts/XC63852-full.png","0:51","2010-10-15","","Perch height 4 m.  Distance to mike: 10 m. long series of call notes. Habitat: Evergreen lowland forest, Terra firme forest. Ref: NKM10B200","unknown","unknown",NA,NA,NA,NA,NA,NA,NA,NA
"44096","Phaethornis","ruber","","Reddish Hermit","Alexandre Renaudier","French Guiana","Awala-Yalimapo, Coswine","5.7334","-53.9001","song","//www.xeno-canto.org/44096/download","//creativecommons.org/licenses/by-nc-nd/2.5/","//www.xeno-canto.org/44096","A","?:?","2010-01-15","9","//www.xeno-canto.org/sounds/uploaded/GKADEITXTH/ffts/XC44096-small.png","//www.xeno-canto.org/sounds/uploaded/GKADEITXTH/ffts/XC44096-med.png","//www.xeno-canto.org/sounds/uploaded/GKADEITXTH/ffts/XC44096-large.png","//www.xeno-canto.org/sounds/uploaded/GKADEITXTH/ffts/XC44096-full.png","0:29","2010-02-07","Leptotila rufaxilla","natural recording","unknown","unknown",NA,NA,NA,NA,NA,NA,NA,NA
"38893","Phaethornis","ruber","","Reddish Hermit","Mauricio Cabral Periquito","Brazil","RPPN Serra do Contente, Gravatá, Pernambuco",NA,NA,"call","//www.xeno-canto.org/38893/download","//creativecommons.org/licenses/by-nc-nd/2.5/","//www.xeno-canto.org/38893","A","8:30","2009-09-30","720","//www.xeno-canto.org/sounds/uploaded/HERKCTHDZI/ffts/XC38893-small.png","//www.xeno-canto.org/sounds/uploaded/HERKCTHDZI/ffts/XC38893-med.png","//www.xeno-canto.org/sounds/uploaded/HERKCTHDZI/ffts/XC38893-large.png","//www.xeno-canto.org/sounds/uploaded/HERKCTHDZI/ffts/XC38893-full.png","0:22","2009-09-19","","Pearched","unknown","unknown",NA,NA,NA,NA,NA,NA,NA,NA
"20351","Phaethornis","ruber","","Reddish Hermit","Guilherme R R Brito","Brazil","Fazenda Família Pinto, Praia de Boracéia, Bertioga, São Paulo ","-23.7578","-46.01","song","//www.xeno-canto.org/20351/download","//creativecommons.org/licenses/by-nc-nd/2.5/","//www.xeno-canto.org/20351","A","17:20","2005-11-00","8","//www.xeno-canto.org/sounds/uploaded/OAYOBWYOOM/ffts/XC20351-small.png","//www.xeno-canto.org/sounds/uploaded/OAYOBWYOOM/ffts/XC20351-med.png","//www.xeno-canto.org/sounds/uploaded/OAYOBWYOOM/ffts/XC20351-large.png","//www.xeno-canto.org/sounds/uploaded/OAYOBWYOOM/ffts/XC20351-full.png","0:56","2008-11-20","","","unknown","unknown",NA,NA,NA,NA,NA,NA,NA,NA
"15696","Phaethornis","ruber","","Reddish Hermit","Nick Athanas","Brazil","Michelin forest reserve, Ituberá, BA","-13.8367","-39.2409","lekking","//www.xeno-canto.org/15696/download","//creativecommons.org/licenses/by-nc-sa/3.0/","//www.xeno-canto.org/15696","A","13:05","2007-09-28","300","//www.xeno-canto.org/sounds/uploaded/XRABICUARW/ffts/XC15696-small.png","//www.xeno-canto.org/sounds/uploaded/XRABICUARW/ffts/XC15696-med.png","//www.xeno-canto.org/sounds/uploaded/XRABICUARW/ffts/XC15696-large.png","//www.xeno-canto.org/sounds/uploaded/XRABICUARW/ffts/XC15696-full.png","0:26","2008-11-20","","","unknown","unknown",NA,NA,NA,NA,NA,NA,NA,NA
"11605","Phaethornis","ruber","","Reddish Hermit","Olivier Claessens","French Guiana","piton de l'Armontabo","3.7348","-52.3206","song","//www.xeno-canto.org/11605/download","//creativecommons.org/licenses/by-nc-nd/2.5/","//www.xeno-canto.org/11605","A","10:00","2006-11-21","150","//www.xeno-canto.org/sounds/uploaded/KRQYNRSSDF/ffts/XC11605-small.png","//www.xeno-canto.org/sounds/uploaded/KRQYNRSSDF/ffts/XC11605-med.png","//www.xeno-canto.org/sounds/uploaded/KRQYNRSSDF/ffts/XC11605-large.png","//www.xeno-canto.org/sounds/uploaded/KRQYNRSSDF/ffts/XC11605-full.png","0:11","2008-11-20","","","unknown","unknown",NA,NA,NA,NA,NA,NA,NA,NA
"479417","Phaethornis","ruber","","Reddish Hermit","Dante Buzzetti","Brazil","Rio Chandless,Parque Estadual Chandless,Manoel Urbano,Acre","-9.546","-70.023","song","//www.xeno-canto.org/479417/download","//creativecommons.org/licenses/by-nc-sa/4.0/","//www.xeno-canto.org/479417","B","8:30","2008-02-18","200","//www.xeno-canto.org/sounds/uploaded/YOXWKYFZAP/ffts/XC479417-small.png","//www.xeno-canto.org/sounds/uploaded/YOXWKYFZAP/ffts/XC479417-med.png","//www.xeno-canto.org/sounds/uploaded/YOXWKYFZAP/ffts/XC479417-large.png","//www.xeno-canto.org/sounds/uploaded/YOXWKYFZAP/ffts/XC479417-full.png","1:20","2019-06-07","Akletos goeldii","DCB 604-11","yes","no",NA,NA,NA,NA,NA,NA,NA,NA
"453600","Phaethornis","ruber","","Reddish Hermit","Will Sweet","Peru","Centro de Investigación y Conservación de Río Los Amigos (CICRA)","-12.5687","-70.0928","song","//www.xeno-canto.org/453600/download","//creativecommons.org/licenses/by-nc-sa/4.0/","//www.xeno-canto.org/453600","B","15:30","2018-08-02","260","//www.xeno-canto.org/sounds/uploaded/BVEAKEMWVN/ffts/XC453600-small.png","//www.xeno-canto.org/sounds/uploaded/BVEAKEMWVN/ffts/XC453600-med.png","//www.xeno-canto.org/sounds/uploaded/BVEAKEMWVN/ffts/XC453600-large.png","//www.xeno-canto.org/sounds/uploaded/BVEAKEMWVN/ffts/XC453600-full.png","0:45","2019-01-24","","","yes","no",NA,NA,NA,NA,NA,NA,NA,NA
"449480","Phaethornis","ruber","","Reddish Hermit","Brice de la Croix","French Guiana","Roura, Cacao","4.548","-52.473","song","//www.xeno-canto.org/449480/download","//creativecommons.org/licenses/by-nc-sa/4.0/","//www.xeno-canto.org/449480","B","10:30","2018-10-20","160","//www.xeno-canto.org/sounds/uploaded/LNPOUHUARA/ffts/XC449480-small.png","//www.xeno-canto.org/sounds/uploaded/LNPOUHUARA/ffts/XC449480-med.png","//www.xeno-canto.org/sounds/uploaded/LNPOUHUARA/ffts/XC449480-large.png","//www.xeno-canto.org/sounds/uploaded/LNPOUHUARA/ffts/XC449480-full.png","0:33","2019-01-07","","","yes","no",NA,NA,NA,NA,NA,NA,NA,NA
"427764","Phaethornis","ruber","ruber","Reddish Hermit","Caio Brito","Brazil","Abunã - Transecto 09 - ME, Porto Velho-RO, Rondônia","-9.607352","-65.459606","canto","//www.xeno-canto.org/427764/download","//creativecommons.org/licenses/by-nc-sa/4.0/","//www.xeno-canto.org/427764","B","10:35","2015-11-04","140","//www.xeno-canto.org/sounds/uploaded/YWWWUBVAJF/ffts/XC427764-small.png","//www.xeno-canto.org/sounds/uploaded/YWWWUBVAJF/ffts/XC427764-med.png","//www.xeno-canto.org/sounds/uploaded/YWWWUBVAJF/ffts/XC427764-large.png","//www.xeno-canto.org/sounds/uploaded/YWWWUBVAJF/ffts/XC427764-full.png","0:08","2018-07-23","Ara ararauna","habitat:Amazônia - Terra Firme;
recorder:Sony PCM-M10;
microphone:Sennheiser ME-066;
volume setting:6.;
weather:Ensolarado;","unknown","unknown",NA,NA,NA,NA,NA,NA,NA,NA
"403321","Phaethornis","ruber","","Reddish Hermit","Brice de la Croix","French Guiana","Matoury, sentier du Lac des Américains","4.8318","-52.3454","call","//www.xeno-canto.org/403321/download","//creativecommons.org/licenses/by-nc-sa/4.0/","//www.xeno-canto.org/403321","B","10:00","2017-03-01","20","//www.xeno-canto.org/sounds/uploaded/LNPOUHUARA/ffts/XC403321-small.png","//www.xeno-canto.org/sounds/uploaded/LNPOUHUARA/ffts/XC403321-med.png","//www.xeno-canto.org/sounds/uploaded/LNPOUHUARA/ffts/XC403321-large.png","//www.xeno-canto.org/sounds/uploaded/LNPOUHUARA/ffts/XC403321-full.png","0:03","2018-02-23","","","yes","no",NA,NA,NA,NA,NA,NA,NA,NA
"400643","Phaethornis","ruber","","Reddish Hermit","GABRIEL LEITE","Brazil","Novo Repartimento, Pará","-4.2015","-50.6882","song","//www.xeno-canto.org/400643/download","//creativecommons.org/licenses/by-nc-sa/4.0/","//www.xeno-canto.org/400643","B","08:00","2018-01-20","130","//www.xeno-canto.org/sounds/uploaded/TGBFXDVERJ/ffts/XC400643-small.png","//www.xeno-canto.org/sounds/uploaded/TGBFXDVERJ/ffts/XC400643-med.png","//www.xeno-canto.org/sounds/uploaded/TGBFXDVERJ/ffts/XC400643-large.png","//www.xeno-canto.org/sounds/uploaded/TGBFXDVERJ/ffts/XC400643-full.png","0:37","2018-01-25","","","yes","no",NA,NA,NA,NA,NA,NA,NA,NA
"396161","Phaethornis","ruber","","Reddish Hermit","Bobby Wilcox","Brazil","Reserva Ecológica de Guapi Açu (REGUA), RJ","-22.4508","-42.7735","male, song","//www.xeno-canto.org/396161/download","//creativecommons.org/licenses/by-nc-sa/4.0/","//www.xeno-canto.org/396161","B","11:30","2017-11-04","30","//www.xeno-canto.org/sounds/uploaded/YHKQPPJDVP/ffts/XC396161-small.png","//www.xeno-canto.org/sounds/uploaded/YHKQPPJDVP/ffts/XC396161-med.png","//www.xeno-canto.org/sounds/uploaded/YHKQPPJDVP/ffts/XC396161-large.png","//www.xeno-canto.org/sounds/uploaded/YHKQPPJDVP/ffts/XC396161-full.png","0:24","2017-12-16","","Bird about 30ft away in mid-successional Atlantic rain forest.","yes","no",NA,NA,NA,NA,NA,NA,NA,NA
"345421","Phaethornis","ruber","","Reddish Hermit","Tulio Dornas","Brazil","Estrada para comunidade Menino Jesus","-1.495","-48.308","song","//www.xeno-canto.org/345421/download","//creativecommons.org/licenses/by-nc-sa/4.0/","//www.xeno-canto.org/345421","B","09:30","2014-02-14","30","//www.xeno-canto.org/sounds/uploaded/MTUQGBMRNC/ffts/XC345421-small.png","//www.xeno-canto.org/sounds/uploaded/MTUQGBMRNC/ffts/XC345421-med.png","//www.xeno-canto.org/sounds/uploaded/MTUQGBMRNC/ffts/XC345421-large.png","//www.xeno-canto.org/sounds/uploaded/MTUQGBMRNC/ffts/XC345421-full.png","0:25","2016-12-07","","","no","no",NA,NA,NA,NA,NA,NA,NA,NA
"292018","Phaethornis","ruber","ruber","Reddish Hermit","Jerome Fischer","Brazil","Green Trail, Reserva Ecológica de Guapiaçu, RJ","-22.4179","-42.7379","song","//www.xeno-canto.org/292018/download","//creativecommons.org/licenses/by-nc-sa/4.0/","//www.xeno-canto.org/292018","B","07:00","2015-11-25","170","//www.xeno-canto.org/sounds/uploaded/JPBSNBUUEF/ffts/XC292018-small.png","//www.xeno-canto.org/sounds/uploaded/JPBSNBUUEF/ffts/XC292018-med.png","//www.xeno-canto.org/sounds/uploaded/JPBSNBUUEF/ffts/XC292018-large.png","//www.xeno-canto.org/sounds/uploaded/JPBSNBUUEF/ffts/XC292018-full.png","1:09","2015-11-26","Drymophila squamata","","yes","no",NA,NA,NA,NA,NA,NA,NA,NA
"271984","Phaethornis","ruber","","Reddish Hermit","Peter Boesman","Suriname","Colakreek, Para","5.469806","-55.232639","call flight","//www.xeno-canto.org/271984/download","//creativecommons.org/licenses/by-nc-nd/4.0/","//www.xeno-canto.org/271984","B","16:00","2014-03-21","","//www.xeno-canto.org/sounds/uploaded/OOECIWCSWV/ffts/XC271984-small.png","//www.xeno-canto.org/sounds/uploaded/OOECIWCSWV/ffts/XC271984-med.png","//www.xeno-canto.org/sounds/uploaded/OOECIWCSWV/ffts/XC271984-large.png","//www.xeno-canto.org/sounds/uploaded/OOECIWCSWV/ffts/XC271984-full.png","0:06","2015-08-26","","","unknown","unknown",NA,NA,NA,NA,NA,NA,NA,NA
"234997","Phaethornis","ruber","","Reddish Hermit","Kassius Santos","Brazil","Lavras, Lavras, Minas Gerais","-21.174","-45.1324","song","//www.xeno-canto.org/234997/download","//creativecommons.org/licenses/by-nc-sa/4.0/","//www.xeno-canto.org/234997","B","09:40","2014-04-17","800","//www.xeno-canto.org/sounds/uploaded/LDUBEBHXQK/ffts/XC234997-small.png","//www.xeno-canto.org/sounds/uploaded/LDUBEBHXQK/ffts/XC234997-med.png","//www.xeno-canto.org/sounds/uploaded/LDUBEBHXQK/ffts/XC234997-large.png","//www.xeno-canto.org/sounds/uploaded/LDUBEBHXQK/ffts/XC234997-full.png","0:47","2015-04-10","","","yes","no",NA,NA,NA,NA,NA,NA,NA,NA
"227592","Phaethornis","ruber","","Reddish Hermit","Peter Boesman","Brazil","Alta Floresta area, Mato Grosso","-9.9","-55.9","song","//www.xeno-canto.org/227592/download","//creativecommons.org/licenses/by-nc-nd/4.0/","//www.xeno-canto.org/227592","B","09:00","2005-07-27","","//www.xeno-canto.org/sounds/uploaded/OOECIWCSWV/ffts/XC227592-small.png","//www.xeno-canto.org/sounds/uploaded/OOECIWCSWV/ffts/XC227592-med.png","//www.xeno-canto.org/sounds/uploaded/OOECIWCSWV/ffts/XC227592-large.png","//www.xeno-canto.org/sounds/uploaded/OOECIWCSWV/ffts/XC227592-full.png","0:19","2015-03-23","","ID certainty 100%. (Archiv. tape 376 side A track 36 seq. B)","unknown","unknown",NA,NA,NA,NA,NA,NA,NA,NA
"227591","Phaethornis","ruber","","Reddish Hermit","Peter Boesman","Brazil","Murici area, Alagoas","-9.6666666667","-35.9166666667","call","//www.xeno-canto.org/227591/download","//creativecommons.org/licenses/by-nc-nd/4.0/","//www.xeno-canto.org/227591","B","07:00","2004-02-01","","//www.xeno-canto.org/sounds/uploaded/OOECIWCSWV/ffts/XC227591-small.png","//www.xeno-canto.org/sounds/uploaded/OOECIWCSWV/ffts/XC227591-med.png","//www.xeno-canto.org/sounds/uploaded/OOECIWCSWV/ffts/XC227591-large.png","//www.xeno-canto.org/sounds/uploaded/OOECIWCSWV/ffts/XC227591-full.png","0:11","2015-03-23","","ID certainty 100%. (Archiv. tape 305 side A track 43 seq. D)","unknown","unknown",NA,NA,NA,NA,NA,NA,NA,NA
"227590","Phaethornis","ruber","","Reddish Hermit","Peter Boesman","Venezuela","Km 67 area, Bolivar","6.3","-61.2666666667","display","//www.xeno-canto.org/227590/download","//creativecommons.org/licenses/by-nc-nd/4.0/","//www.xeno-canto.org/227590","B","07:15","1994-10-21","100 - 200","//www.xeno-canto.org/sounds/uploaded/OOECIWCSWV/ffts/XC227590-small.png","//www.xeno-canto.org/sounds/uploaded/OOECIWCSWV/ffts/XC227590-med.png","//www.xeno-canto.org/sounds/uploaded/OOECIWCSWV/ffts/XC227590-large.png","//www.xeno-canto.org/sounds/uploaded/OOECIWCSWV/ffts/XC227590-full.png","0:33","2015-03-23","","ID certainty 100%. (Archiv. tape 13 side A track 34 seq. A)","unknown","unknown",NA,NA,NA,NA,NA,NA,NA,NA
"227589","Phaethornis","ruber","","Reddish Hermit","Peter Boesman","Venezuela","Junglaven area, Amazonas","5","-66.3833333333","song","//www.xeno-canto.org/227589/download","//creativecommons.org/licenses/by-nc-nd/4.0/","//www.xeno-canto.org/227589","B","?","1993-11-01","100 - 300","//www.xeno-canto.org/sounds/uploaded/OOECIWCSWV/ffts/XC227589-small.png","//www.xeno-canto.org/sounds/uploaded/OOECIWCSWV/ffts/XC227589-med.png","//www.xeno-canto.org/sounds/uploaded/OOECIWCSWV/ffts/XC227589-large.png","//www.xeno-canto.org/sounds/uploaded/OOECIWCSWV/ffts/XC227589-full.png","0:08","2015-03-23","","ID certainty 100%. (Archiv. tape 5 side B track 12 seq. A)","unknown","unknown",NA,NA,NA,NA,NA,NA,NA,NA
"213031","Phaethornis","ruber","","Reddish Hermit","GABRIEL LEITE","Brazil","Novo Repartimento, Pará","-4.2603","-50.0235","song","//www.xeno-canto.org/213031/download","//creativecommons.org/licenses/by-nc-sa/4.0/","//www.xeno-canto.org/213031","B","07:00","2015-01-17","90","//www.xeno-canto.org/sounds/uploaded/TGBFXDVERJ/ffts/XC213031-small.png","//www.xeno-canto.org/sounds/uploaded/TGBFXDVERJ/ffts/XC213031-med.png","//www.xeno-canto.org/sounds/uploaded/TGBFXDVERJ/ffts/XC213031-large.png","//www.xeno-canto.org/sounds/uploaded/TGBFXDVERJ/ffts/XC213031-full.png","0:40","2015-02-12","","","yes","no",NA,NA,NA,NA,NA,NA,NA,NA
"202727","Phaethornis","ruber","","Reddish Hermit","Hans Matheve","Venezuela","Junglaven Lodge, Amazonas","5.05","-66.2333","call?","//www.xeno-canto.org/202727/download","//creativecommons.org/licenses/by-nc-nd/4.0/","//www.xeno-canto.org/202727","B","?","2009-03-09","120","//www.xeno-canto.org/sounds/uploaded/VROUALCTKG/ffts/XC202727-small.png","//www.xeno-canto.org/sounds/uploaded/VROUALCTKG/ffts/XC202727-med.png","//www.xeno-canto.org/sounds/uploaded/VROUALCTKG/ffts/XC202727-large.png","//www.xeno-canto.org/sounds/uploaded/VROUALCTKG/ffts/XC202727-full.png","0:07","2014-11-16","","","yes","unknown",NA,NA,NA,NA,NA,NA,NA,NA
"147169","Phaethornis","ruber","ruber","Reddish Hermit","Josh Engel","Brazil","Reserva Biologica do Gurupi","-3.8141","-46.8045","song","//www.xeno-canto.org/147169/download","//creativecommons.org/licenses/by-nc-sa/3.0/","//www.xeno-canto.org/147169","B","06:30","2013-07-08","190","//www.xeno-canto.org/sounds/uploaded/AHACCPDBSA/ffts/XC147169-small.png","//www.xeno-canto.org/sounds/uploaded/AHACCPDBSA/ffts/XC147169-med.png","//www.xeno-canto.org/sounds/uploaded/AHACCPDBSA/ffts/XC147169-large.png","//www.xeno-canto.org/sounds/uploaded/AHACCPDBSA/ffts/XC147169-full.png","0:47","2013-09-09","","Terra firme forest.","yes","no",NA,NA,NA,NA,NA,NA,NA,NA
"124126","Phaethornis","ruber","","Reddish Hermit","William Zaca","Brazil","Ubatuba. Rancho Pica Pau","-23.4001","-45.0667","male, song","//www.xeno-canto.org/124126/download","//creativecommons.org/licenses/by-nc-sa/3.0/","//www.xeno-canto.org/124126","B","07:30","2010-07-23","20","//www.xeno-canto.org/sounds/uploaded/QPVHQBUWGE/ffts/XC124126-small.png","//www.xeno-canto.org/sounds/uploaded/QPVHQBUWGE/ffts/XC124126-med.png","//www.xeno-canto.org/sounds/uploaded/QPVHQBUWGE/ffts/XC124126-large.png","//www.xeno-canto.org/sounds/uploaded/QPVHQBUWGE/ffts/XC124126-full.png","0:39","2013-03-09","","","yes","no",NA,NA,NA,NA,NA,NA,NA,NA
"119431","Phaethornis","ruber","","Reddish Hermit","GABRIEL LEITE","Brazil","Careiro, Amazonas","-3.4915","-59.9304","song","//www.xeno-canto.org/119431/download","//creativecommons.org/licenses/by-nc-sa/3.0/","//www.xeno-canto.org/119431","B","10:00","2010-06-06","20","//www.xeno-canto.org/sounds/uploaded/TGBFXDVERJ/ffts/XC119431-small.png","//www.xeno-canto.org/sounds/uploaded/TGBFXDVERJ/ffts/XC119431-med.png","//www.xeno-canto.org/sounds/uploaded/TGBFXDVERJ/ffts/XC119431-large.png","//www.xeno-canto.org/sounds/uploaded/TGBFXDVERJ/ffts/XC119431-full.png","0:27","2013-01-23","","","yes","no",NA,NA,NA,NA,NA,NA,NA,NA
"94467","Phaethornis","ruber","","Reddish Hermit","Frank Lambert","Peru","Cocha Cashu Biological Station, Manu National Park","-11.8667","-71.3667","male at lek including flight display","//www.xeno-canto.org/94467/download","//creativecommons.org/licenses/by-nc-nd/4.0/","//www.xeno-canto.org/94467","B","09:10","2003-09-15","250","//www.xeno-canto.org/sounds/uploaded/YTUXOCTUEM/ffts/XC94467-small.png","//www.xeno-canto.org/sounds/uploaded/YTUXOCTUEM/ffts/XC94467-med.png","//www.xeno-canto.org/sounds/uploaded/YTUXOCTUEM/ffts/XC94467-large.png","//www.xeno-canto.org/sounds/uploaded/YTUXOCTUEM/ffts/XC94467-full.png","1:53","2012-02-08","","lekking in Guadua bamboo. Display flight calls in the middle of the cut (near Playa Bonita, 7km from research station)","unknown","unknown",NA,NA,NA,NA,NA,NA,NA,NA
"94466","Phaethornis","ruber","","Reddish Hermit","Frank Lambert","Peru","Cocha Cashu Biological Station, Manu National Park","-11.8667","-71.3667","call, male","//www.xeno-canto.org/94466/download","//creativecommons.org/licenses/by-nc-nd/4.0/","//www.xeno-canto.org/94466","B","09:00","2003-09-15","250","//www.xeno-canto.org/sounds/uploaded/YTUXOCTUEM/ffts/XC94466-small.png","//www.xeno-canto.org/sounds/uploaded/YTUXOCTUEM/ffts/XC94466-med.png","//www.xeno-canto.org/sounds/uploaded/YTUXOCTUEM/ffts/XC94466-large.png","//www.xeno-canto.org/sounds/uploaded/YTUXOCTUEM/ffts/XC94466-full.png","0:07","2012-02-08","","singing in Guadua bamboo (near Playa Bonita, 7km from research station)","unknown","unknown",NA,NA,NA,NA,NA,NA,NA,NA
"87413","Phaethornis","ruber","","Reddish Hermit","Sidnei S. dos Santos","Brazil","RPPN Serra Bonita, Camacan, Bahia.","-15.3851","-39.5709","Song","//www.xeno-canto.org/87413/download","//creativecommons.org/licenses/by-nc-nd/2.5/","//www.xeno-canto.org/87413","B","8:02","2009-01-22","?","//www.xeno-canto.org/sounds/uploaded/BHODJXTHGQ/ffts/XC87413-small.png","//www.xeno-canto.org/sounds/uploaded/BHODJXTHGQ/ffts/XC87413-med.png","//www.xeno-canto.org/sounds/uploaded/BHODJXTHGQ/ffts/XC87413-large.png","//www.xeno-canto.org/sounds/uploaded/BHODJXTHGQ/ffts/XC87413-full.png","0:09","2011-09-12","","","unknown","unknown",NA,NA,NA,NA,NA,NA,NA,NA
"85300","Phaethornis","ruber","ruber","Reddish Hermit","Jeremy Minns","Brazil","Estação Ecológica de Murici, Alagoas","-9.3001","-35.9334","Song","//www.xeno-canto.org/85300/download","//creativecommons.org/licenses/by-nc-sa/3.0/","//www.xeno-canto.org/85300","B","08:25","2001-11-12","550","//www.xeno-canto.org/sounds/uploaded/DGVLLRYDXS/ffts/XC85300-small.png","//www.xeno-canto.org/sounds/uploaded/DGVLLRYDXS/ffts/XC85300-med.png","//www.xeno-canto.org/sounds/uploaded/DGVLLRYDXS/ffts/XC85300-large.png","//www.xeno-canto.org/sounds/uploaded/DGVLLRYDXS/ffts/XC85300-full.png","0:37","2011-08-03","","Humid forest. Two takes, natural and after playback.","unknown","unknown",NA,NA,NA,NA,NA,NA,NA,NA
"85299","Phaethornis","ruber","ruber","Reddish Hermit","Jeremy Minns","Brazil","Ubatuba, SP. Corcovado","-23.4727","-45.1892","Song","//www.xeno-canto.org/85299/download","//creativecommons.org/licenses/by-nc-sa/3.0/","//www.xeno-canto.org/85299","B","07:10","1997-05-11","40","//www.xeno-canto.org/sounds/uploaded/DGVLLRYDXS/ffts/XC85299-small.png","//www.xeno-canto.org/sounds/uploaded/DGVLLRYDXS/ffts/XC85299-med.png","//www.xeno-canto.org/sounds/uploaded/DGVLLRYDXS/ffts/XC85299-large.png","//www.xeno-canto.org/sounds/uploaded/DGVLLRYDXS/ffts/XC85299-full.png","0:15","2011-08-03",NA,"","unknown","unknown","Drymophila ferruginea","Dysithamnus stictothorax",NA,NA,NA,NA,NA,NA
"74026","Phaethornis","ruber","","Reddish Hermit","Joseph Tobias and Nathalie Seddon","Peru","CICRA, PE","-12.5692","-70.1001","song","//www.xeno-canto.org/74026/download","//creativecommons.org/licenses/by-nc-sa/3.0/","//www.xeno-canto.org/74026","B","06:11","2007-12-07","?","//www.xeno-canto.org/sounds/uploaded/IKMWQIXRNV/ffts/XC74026-small.png","//www.xeno-canto.org/sounds/uploaded/IKMWQIXRNV/ffts/XC74026-med.png","//www.xeno-canto.org/sounds/uploaded/IKMWQIXRNV/ffts/XC74026-large.png","//www.xeno-canto.org/sounds/uploaded/IKMWQIXRNV/ffts/XC74026-full.png","1:48","2011-03-23","","track T1640. Habitat: Terra firme/secondary forest. Weather: Warm, windy. Perch height: 2m. Distance to observer: 4m. Id-ed by: Sight+Voice. Sex of main vocalizer: M. Number vocalizing: 1.","unknown","unknown",NA,NA,NA,NA,NA,NA,NA,NA
"74025","Phaethornis","ruber","","Reddish Hermit","Joseph Tobias and Nathalie Seddon","Peru","CICRA, PE","-12.5692","-70.1001","song","//www.xeno-canto.org/74025/download","//creativecommons.org/licenses/by-nc-sa/3.0/","//www.xeno-canto.org/74025","B","06:11","2007-12-07","?","//www.xeno-canto.org/sounds/uploaded/IKMWQIXRNV/ffts/XC74025-small.png","//www.xeno-canto.org/sounds/uploaded/IKMWQIXRNV/ffts/XC74025-med.png","//www.xeno-canto.org/sounds/uploaded/IKMWQIXRNV/ffts/XC74025-large.png","//www.xeno-canto.org/sounds/uploaded/IKMWQIXRNV/ffts/XC74025-full.png","2:01","2011-03-23","","track T1639. Habitat: Terra firme. Weather: Warm, windy. Perch height: 2m. Distance to observer: 5m. Id-ed by: Sight+Voice. Sex of main vocalizer: M. Number vocalizing: 1.","unknown","unknown",NA,NA,NA,NA,NA,NA,NA,NA
"65263","Phaethornis","ruber","","Reddish Hermit","Alexandre Renaudier","French Guiana","Mana, piste ONF Dégrad Florian",NA,NA,"song","//www.xeno-canto.org/65263/download","//creativecommons.org/licenses/by-nc-nd/2.5/","//www.xeno-canto.org/65263","B","?","2010-09-01","20","//www.xeno-canto.org/sounds/uploaded/GKADEITXTH/ffts/XC65263-small.png","//www.xeno-canto.org/sounds/uploaded/GKADEITXTH/ffts/XC65263-med.png","//www.xeno-canto.org/sounds/uploaded/GKADEITXTH/ffts/XC65263-large.png","//www.xeno-canto.org/sounds/uploaded/GKADEITXTH/ffts/XC65263-full.png","0:50","2010-11-08","","","unknown","unknown",NA,NA,NA,NA,NA,NA,NA,NA
"63853","Phaethornis","ruber","","Reddish Hermit","Joseph Tobias and Nathalie Seddon","Peru","Cocha Cashu Biological Station, Manu National Park","-11.8667","-71.3667","call","//www.xeno-canto.org/63853/download","//creativecommons.org/licenses/by-nc-sa/3.0/","//www.xeno-canto.org/63853","B","?:?","2001-09-25","?","//www.xeno-canto.org/sounds/uploaded/IKMWQIXRNV/ffts/XC63853-small.png","//www.xeno-canto.org/sounds/uploaded/IKMWQIXRNV/ffts/XC63853-med.png","//www.xeno-canto.org/sounds/uploaded/IKMWQIXRNV/ffts/XC63853-large.png","//www.xeno-canto.org/sounds/uploaded/IKMWQIXRNV/ffts/XC63853-full.png","0:37","2010-10-15","","long series of high-pitched calls. Habitat: Evergreen lowland forest, Flood plain forest. Ref: CC11A254","unknown","unknown",NA,NA,NA,NA,NA,NA,NA,NA
"63851","Phaethornis","ruber","","Reddish Hermit","Joseph Tobias and Nathalie Seddon","Bolivia","Noel Kempff Mercado National Park, Los Fierros","-14.55","-60.93","call","//www.xeno-canto.org/63851/download","//creativecommons.org/licenses/by-nc-sa/3.0/","//www.xeno-canto.org/63851","B","06:45","2002-10-28","?","//www.xeno-canto.org/sounds/uploaded/IKMWQIXRNV/ffts/XC63851-small.png","//www.xeno-canto.org/sounds/uploaded/IKMWQIXRNV/ffts/XC63851-med.png","//www.xeno-canto.org/sounds/uploaded/IKMWQIXRNV/ffts/XC63851-large.png","//www.xeno-canto.org/sounds/uploaded/IKMWQIXRNV/ffts/XC63851-full.png","0:29","2010-10-15","","Perch height 2.5 m.  Distance to mike: 10 m. long series of call notes. Habitat: Evergreen lowland forest, Terra firme forest. Ref: NKM01B","unknown","unknown",NA,NA,NA,NA,NA,NA,NA,NA
"41627","Phaethornis","ruber","","Reddish Hermit","Sidnei S. dos Santos","Brazil","RPPN Serra Bonita, Camacan, Bahia.","-15.3851","-39.5709","Song","//www.xeno-canto.org/41627/download","//creativecommons.org/licenses/by-nc-nd/2.5/","//www.xeno-canto.org/41627","B","08:05","2009-01-23","700","//www.xeno-canto.org/sounds/uploaded/BHODJXTHGQ/ffts/XC41627-small.png","//www.xeno-canto.org/sounds/uploaded/BHODJXTHGQ/ffts/XC41627-med.png","//www.xeno-canto.org/sounds/uploaded/BHODJXTHGQ/ffts/XC41627-large.png","//www.xeno-canto.org/sounds/uploaded/BHODJXTHGQ/ffts/XC41627-full.png","0:09","2009-12-22","","","unknown","unknown",NA,NA,NA,NA,NA,NA,NA,NA
"39797","Phaethornis","ruber","ruber?","Reddish Hermit","David Geale","Peru","Tipishca Lodge, Madre de Dios","-12.2292","-69.3256","Lekking","//www.xeno-canto.org/39797/download","//creativecommons.org/licenses/by-nc-nd/2.5/","//www.xeno-canto.org/39797","B","08:40","2009-09-27","150","//www.xeno-canto.org/sounds/uploaded/SBFBVYGIJC/ffts/XC39797-small.png","//www.xeno-canto.org/sounds/uploaded/SBFBVYGIJC/ffts/XC39797-med.png","//www.xeno-canto.org/sounds/uploaded/SBFBVYGIJC/ffts/XC39797-large.png","//www.xeno-canto.org/sounds/uploaded/SBFBVYGIJC/ffts/XC39797-full.png","1:11","2009-10-17","","Some bouts deleted due to mic/line problems. Intervals all natural lengths.","unknown","unknown",NA,NA,NA,NA,NA,NA,NA,NA
"22668","Phaethornis","ruber","","Reddish Hermit","Olivier Claessens","French Guiana","crique Limonade amont, Saül","3.5834","-53.2167","call and humming","//www.xeno-canto.org/22668/download","//creativecommons.org/licenses/by-nc-nd/2.5/","//www.xeno-canto.org/22668","B","10:15","2008-03-02","210","//www.xeno-canto.org/sounds/uploaded/KRQYNRSSDF/ffts/XC22668-small.png","//www.xeno-canto.org/sounds/uploaded/KRQYNRSSDF/ffts/XC22668-med.png","//www.xeno-canto.org/sounds/uploaded/KRQYNRSSDF/ffts/XC22668-large.png","//www.xeno-canto.org/sounds/uploaded/KRQYNRSSDF/ffts/XC22668-full.png","0:12","2008-11-20","","","unknown","unknown",NA,NA,NA,NA,NA,NA,NA,NA
"12172","Phaethornis","ruber","","Reddish Hermit","Nathan Pieplow","Venezuela","Guyana Trail, Bolivar",NA,NA,"lekking","//www.xeno-canto.org/12172/download","//creativecommons.org/licenses/by-nc-nd/2.5/","//www.xeno-canto.org/12172","B","11:00","2007-01-02","150","//www.xeno-canto.org/sounds/uploaded/EKKJJJRDJY/ffts/XC12172-small.png","//www.xeno-canto.org/sounds/uploaded/EKKJJJRDJY/ffts/XC12172-med.png","//www.xeno-canto.org/sounds/uploaded/EKKJJJRDJY/ffts/XC12172-large.png","//www.xeno-canto.org/sounds/uploaded/EKKJJJRDJY/ffts/XC12172-full.png","0:41","2008-11-20","","","unknown","unknown",NA,NA,NA,NA,NA,NA,NA,NA
"10654","Phaethornis","ruber","","Reddish Hermit","Rolf A. de By","Brazil","Ubatuba, SP. Fazenda Angelim","-23.4334","-45.1167","song","//www.xeno-canto.org/10654/download","//creativecommons.org/licenses/by-nc-nd/2.5/","//www.xeno-canto.org/10654","B","10:30","1998-12-19","100","//www.xeno-canto.org/sounds/uploaded/PTYTXQRLSZ/ffts/XC10654-small.png","//www.xeno-canto.org/sounds/uploaded/PTYTXQRLSZ/ffts/XC10654-med.png","//www.xeno-canto.org/sounds/uploaded/PTYTXQRLSZ/ffts/XC10654-large.png","//www.xeno-canto.org/sounds/uploaded/PTYTXQRLSZ/ffts/XC10654-full.png","0:05","2008-11-20","","","unknown","unknown",NA,NA,NA,NA,NA,NA,NA,NA
"9222","Phaethornis","ruber","episcopus","Reddish Hermit","Allen T. Chartier","Venezuela","San Miguel de Betania, north of Las Claritas, Bolivar","6.2834","-61.3001","Lekking?","//www.xeno-canto.org/9222/download","//creativecommons.org/licenses/by-nc-sa/3.0/","//www.xeno-canto.org/9222","B","?","1994-07-12","170","//www.xeno-canto.org/sounds/uploaded/AZXTZTQJRO/ffts/XC9222-small.png","//www.xeno-canto.org/sounds/uploaded/AZXTZTQJRO/ffts/XC9222-med.png","//www.xeno-canto.org/sounds/uploaded/AZXTZTQJRO/ffts/XC9222-large.png","//www.xeno-canto.org/sounds/uploaded/AZXTZTQJRO/ffts/XC9222-full.png","0:18","2008-11-20","","","unknown","unknown",NA,NA,NA,NA,NA,NA,NA,NA
"3201","Phaethornis","ruber","","Reddish Hermit","A. Bennett Hennessey","Bolivia","Tuichi-Hondo, 30 km se of Chalalan; Madidi NP, La Paz","-14.567","-67.733","Song","//www.xeno-canto.org/3201/download","//creativecommons.org/licenses/by-nc-nd/2.5/","//www.xeno-canto.org/3201","B","10:53","2001-03-03","350","//www.xeno-canto.org/sounds/uploaded/GPVWJPVGVN/ffts/XC3201-small.png","//www.xeno-canto.org/sounds/uploaded/GPVWJPVGVN/ffts/XC3201-med.png","//www.xeno-canto.org/sounds/uploaded/GPVWJPVGVN/ffts/XC3201-large.png","//www.xeno-canto.org/sounds/uploaded/GPVWJPVGVN/ffts/XC3201-full.png","0:49","2008-11-20","","Bennett: The bird was singing like mad, then would fly away and within minutes return and sing again. cd:http://www.birdsongs.com/Bolivia/main.htm","unknown","unknown",NA,NA,NA,NA,NA,NA,NA,NA
"2879","Phaethornis","ruber","","Reddish Hermit","A. Bennett Hennessey","Bolivia","Serranía Pilón, Pilón Lajas Biosphere Reserve, Beni","-15.117","-67.133","Song","//www.xeno-canto.org/2879/download","//creativecommons.org/licenses/by-nc-nd/2.5/","//www.xeno-canto.org/2879","B","8:55","1997-04-11","350 - 1000","//www.xeno-canto.org/sounds/uploaded/GPVWJPVGVN/ffts/XC2879-small.png","//www.xeno-canto.org/sounds/uploaded/GPVWJPVGVN/ffts/XC2879-med.png","//www.xeno-canto.org/sounds/uploaded/GPVWJPVGVN/ffts/XC2879-large.png","//www.xeno-canto.org/sounds/uploaded/GPVWJPVGVN/ffts/XC2879-full.png","0:27","2008-11-20","","At 735 m. cd:http://www.birdsongs.com/Bolivia/main.htm","unknown","unknown",NA,NA,NA,NA,NA,NA,NA,NA
"483926","Phaethornis","ruber","","Reddish Hermit","Dante Buzzetti","Brazil","Rio Tapajós,Floresta Nacional do Jatuarana,Apuí,Amazonas","-7.2888","-58.1774","calls, song","//www.xeno-canto.org/483926/download","//creativecommons.org/licenses/by-nc-sa/4.0/","//www.xeno-canto.org/483926","C","6:31","2008-03-10","139","//www.xeno-canto.org/sounds/uploaded/YOXWKYFZAP/ffts/XC483926-small.png","//www.xeno-canto.org/sounds/uploaded/YOXWKYFZAP/ffts/XC483926-med.png","//www.xeno-canto.org/sounds/uploaded/YOXWKYFZAP/ffts/XC483926-large.png","//www.xeno-canto.org/sounds/uploaded/YOXWKYFZAP/ffts/XC483926-full.png","0:33","2019-06-30","","DCB 615-13a","yes","no",NA,NA,NA,NA,NA,NA,NA,NA
"387679","Phaethornis","ruber","ruber","Reddish Hermit","Étienne Leroy","French Guiana","Forêt des Malgaches, Saint Laurent Du Maroni","5.4886","-54.0042","song","//www.xeno-canto.org/387679/download","//creativecommons.org/licenses/by-nc-sa/4.0/","//www.xeno-canto.org/387679","C","09:00","2017-09-01","40","//www.xeno-canto.org/sounds/uploaded/ZWAQHOJFLZ/ffts/XC387679-small.png","//www.xeno-canto.org/sounds/uploaded/ZWAQHOJFLZ/ffts/XC387679-med.png","//www.xeno-canto.org/sounds/uploaded/ZWAQHOJFLZ/ffts/XC387679-large.png","//www.xeno-canto.org/sounds/uploaded/ZWAQHOJFLZ/ffts/XC387679-full.png","0:36","2017-09-27","","Two males singing in lek, in the undergrowth of a sandy forest.","yes","no",NA,NA,NA,NA,NA,NA,NA,NA
"325600","Phaethornis","ruber","","Reddish Hermit","Fernando Igor de Godoy","Brazil","Ipê  - Belmonte, Bahia","-16.0845","-39.3405","song","//www.xeno-canto.org/325600/download","//creativecommons.org/licenses/by-nc-sa/4.0/","//www.xeno-canto.org/325600","C","07:00","2011-10-27","80","//www.xeno-canto.org/sounds/uploaded/CHDHFSVVIN/ffts/XC325600-small.png","//www.xeno-canto.org/sounds/uploaded/CHDHFSVVIN/ffts/XC325600-med.png","//www.xeno-canto.org/sounds/uploaded/CHDHFSVVIN/ffts/XC325600-large.png","//www.xeno-canto.org/sounds/uploaded/CHDHFSVVIN/ffts/XC325600-full.png","0:32","2016-07-05","","FNJV 29768 - Casa da Floresta","yes","no",NA,NA,NA,NA,NA,NA,NA,NA
"320285","Phaethornis","ruber","ruber","Reddish Hermit","Ricardo José Mitidieri","Brazil","Rio Bonito de Baixo - Nova Friburgo - RJ","-22.3926","-42.3662","song","//www.xeno-canto.org/320285/download","//creativecommons.org/licenses/by-nc-sa/4.0/","//www.xeno-canto.org/320285","C","09:30","2016-06-05","850","//www.xeno-canto.org/sounds/uploaded/CFRYARSVHN/ffts/XC320285-small.png","//www.xeno-canto.org/sounds/uploaded/CFRYARSVHN/ffts/XC320285-med.png","//www.xeno-canto.org/sounds/uploaded/CFRYARSVHN/ffts/XC320285-large.png","//www.xeno-canto.org/sounds/uploaded/CFRYARSVHN/ffts/XC320285-full.png","0:18","2016-06-06","","Bushes by the brook at the edge of montane forest.","yes","yes",NA,NA,NA,NA,NA,NA,NA,NA
"227594","Phaethornis","ruber","","Reddish Hermit","Peter Boesman","Brazil","Alta Floresta area, Mato Grosso","-9.9","-55.9","song","//www.xeno-canto.org/227594/download","//creativecommons.org/licenses/by-nc-nd/4.0/","//www.xeno-canto.org/227594","C","09:00","2005-07-27","","//www.xeno-canto.org/sounds/uploaded/OOECIWCSWV/ffts/XC227594-small.png","//www.xeno-canto.org/sounds/uploaded/OOECIWCSWV/ffts/XC227594-med.png","//www.xeno-canto.org/sounds/uploaded/OOECIWCSWV/ffts/XC227594-large.png","//www.xeno-canto.org/sounds/uploaded/OOECIWCSWV/ffts/XC227594-full.png","0:35","2015-03-23","","ID certainty 100%. (Archiv. tape 376 side A track 36 seq. A)","unknown","unknown",NA,NA,NA,NA,NA,NA,NA,NA
"227593","Phaethornis","ruber","","Reddish Hermit","Peter Boesman","Brazil","Tabajos tracks, Sao Gabriel da Cachoeira, Amazonas","-0.1666666667","-67","song","//www.xeno-canto.org/227593/download","//creativecommons.org/licenses/by-nc-nd/4.0/","//www.xeno-canto.org/227593","C","09:30","2006-07-22","","//www.xeno-canto.org/sounds/uploaded/OOECIWCSWV/ffts/XC227593-small.png","//www.xeno-canto.org/sounds/uploaded/OOECIWCSWV/ffts/XC227593-med.png","//www.xeno-canto.org/sounds/uploaded/OOECIWCSWV/ffts/XC227593-large.png","//www.xeno-canto.org/sounds/uploaded/OOECIWCSWV/ffts/XC227593-full.png","0:22","2015-03-23","","ID certainty 80%. (Archiv. tape 393 side A track 24 seq. A)","unknown","unknown",NA,NA,NA,NA,NA,NA,NA,NA
"172169","Phaethornis","ruber","","Reddish Hermit","Roney Assis Souza","Brazil","Belo Oriente, Minas Gerais","-19.2204","-42.4832","song","//www.xeno-canto.org/172169/download","//creativecommons.org/licenses/by-nc-sa/4.0/","//www.xeno-canto.org/172169","C","11:00","2014-04-02","260","//www.xeno-canto.org/sounds/uploaded/AJYSYOLBOF/ffts/XC172169-small.png","//www.xeno-canto.org/sounds/uploaded/AJYSYOLBOF/ffts/XC172169-med.png","//www.xeno-canto.org/sounds/uploaded/AJYSYOLBOF/ffts/XC172169-large.png","//www.xeno-canto.org/sounds/uploaded/AJYSYOLBOF/ffts/XC172169-full.png","0:24","2014-04-02","","Males in lek.","yes","no",NA,NA,NA,NA,NA,NA,NA,NA
"127252","Phaethornis","ruber","","Reddish Hermit","Ottavio Janni","Colombia","Mitu, Vaupes","1.2598","-70.2367","flight call","//www.xeno-canto.org/127252/download","//creativecommons.org/licenses/by-nc-sa/3.0/","//www.xeno-canto.org/127252","C","08:00","2012-01-06","170","//www.xeno-canto.org/sounds/uploaded/PWMAZXONXH/ffts/XC127252-small.png","//www.xeno-canto.org/sounds/uploaded/PWMAZXONXH/ffts/XC127252-med.png","//www.xeno-canto.org/sounds/uploaded/PWMAZXONXH/ffts/XC127252-large.png","//www.xeno-canto.org/sounds/uploaded/PWMAZXONXH/ffts/XC127252-full.png","0:02","2013-03-25","Thamnophilus amazonicus","Call from a bird flying by.","yes","no",NA,NA,NA,NA,NA,NA,NA,NA
"126793","Phaethornis","ruber","","Reddish Hermit","Marcus Braun","Brazil","Timbaúba, Pernambuco","-7.6096","-35.3952","lekking, song","//www.xeno-canto.org/126793/download","//creativecommons.org/licenses/by-nc-nd/3.0/","//www.xeno-canto.org/126793","C","12:13","2012-04-01","440","//www.xeno-canto.org/sounds/uploaded/EICLYDGEKS/ffts/XC126793-small.png","//www.xeno-canto.org/sounds/uploaded/EICLYDGEKS/ffts/XC126793-med.png","//www.xeno-canto.org/sounds/uploaded/EICLYDGEKS/ffts/XC126793-large.png","//www.xeno-canto.org/sounds/uploaded/EICLYDGEKS/ffts/XC126793-full.png","0:47","2013-03-23","","Mata do Engenho Xixá, Macaparana","no","no",NA,NA,NA,NA,NA,NA,NA,NA
"118296","Phaethornis","ruber","","Reddish Hermit","Rodrigo Dela Rosa de Souza","Brazil","Microregion of Caraguatatuba, São Paulo","-23.5897","-45.4251","male, song","//www.xeno-canto.org/118296/download","//creativecommons.org/licenses/by-nc-sa/3.0/","//www.xeno-canto.org/118296","C","08:30","2011-07-24","130","//www.xeno-canto.org/sounds/uploaded/VGXDJMKETZ/ffts/XC118296-small.png","//www.xeno-canto.org/sounds/uploaded/VGXDJMKETZ/ffts/XC118296-med.png","//www.xeno-canto.org/sounds/uploaded/VGXDJMKETZ/ffts/XC118296-large.png","//www.xeno-canto.org/sounds/uploaded/VGXDJMKETZ/ffts/XC118296-full.png","0:16","2013-01-15","","","yes","no",NA,NA,NA,NA,NA,NA,NA,NA
"108266","Phaethornis","ruber","","Reddish Hermit","Albert Lastukhin   ","Venezuela","Puerto Ajacucho","5.6709","-67.5551","hum and squeak at 8 sec.","//www.xeno-canto.org/108266/download","//creativecommons.org/licenses/by-nc-nd/2.5/","//www.xeno-canto.org/108266","C","8-30","2011-03-24","250","//www.xeno-canto.org/sounds/uploaded/LELYWQKUZX/ffts/XC108266-small.png","//www.xeno-canto.org/sounds/uploaded/LELYWQKUZX/ffts/XC108266-med.png","//www.xeno-canto.org/sounds/uploaded/LELYWQKUZX/ffts/XC108266-large.png","//www.xeno-canto.org/sounds/uploaded/LELYWQKUZX/ffts/XC108266-full.png","0:09","2012-08-22","Taraba major","","unknown","no",NA,NA,NA,NA,NA,NA,NA,NA
"107978","Phaethornis","ruber","","Reddish Hermit","Albert Lastukhin","Venezuela","Puerto Ajacucho","5.6709","-67.5551","Song, flight call","//www.xeno-canto.org/107978/download","//creativecommons.org/licenses/by-nc-nd/2.5/","//www.xeno-canto.org/107978","C","7-20","2011-03-24","250","//www.xeno-canto.org/sounds/uploaded/LELYWQKUZX/ffts/XC107978-small.png","//www.xeno-canto.org/sounds/uploaded/LELYWQKUZX/ffts/XC107978-med.png","//www.xeno-canto.org/sounds/uploaded/LELYWQKUZX/ffts/XC107978-large.png","//www.xeno-canto.org/sounds/uploaded/LELYWQKUZX/ffts/XC107978-full.png","0:05","2012-08-21","","","unknown","no",NA,NA,NA,NA,NA,NA,NA,NA
"107977","Phaethornis","ruber","","Reddish Hermit","Albert Lastukhin","Venezuela","Puerto Ajacucho","5.6709","-67.5551","Cheep-call, flight call","//www.xeno-canto.org/107977/download","//creativecommons.org/licenses/by-nc-nd/2.5/","//www.xeno-canto.org/107977","C","7-20","2011-03-24","250","//www.xeno-canto.org/sounds/uploaded/LELYWQKUZX/ffts/XC107977-small.png","//www.xeno-canto.org/sounds/uploaded/LELYWQKUZX/ffts/XC107977-med.png","//www.xeno-canto.org/sounds/uploaded/LELYWQKUZX/ffts/XC107977-large.png","//www.xeno-canto.org/sounds/uploaded/LELYWQKUZX/ffts/XC107977-full.png","0:04","2012-08-21","","","unknown","no",NA,NA,NA,NA,NA,NA,NA,NA
"106307","Phaethornis","ruber","","Reddish Hermit","Oswaldo Cortes","Colombia","San Jose de Guaviare - Departamento del Guaviare","2.667","-72.6148","call","//www.xeno-canto.org/106307/download","//creativecommons.org/licenses/by-nc-nd/2.5/","//www.xeno-canto.org/106307","C","07:48","2012-06-27","50","//www.xeno-canto.org/sounds/uploaded/VVDRVZCVWW/ffts/XC106307-small.png","//www.xeno-canto.org/sounds/uploaded/VVDRVZCVWW/ffts/XC106307-med.png","//www.xeno-canto.org/sounds/uploaded/VVDRVZCVWW/ffts/XC106307-large.png","//www.xeno-canto.org/sounds/uploaded/VVDRVZCVWW/ffts/XC106307-full.png","0:11","2012-07-29","","","unknown","unknown",NA,NA,NA,NA,NA,NA,NA,NA
"87921","Phaethornis","ruber","ruber","Reddish Hermit","Nargila Moura","Brazil","Paragominas, PA, Brazil, Bacia 315","-3.324","-47.512","song","//www.xeno-canto.org/87921/download","//creativecommons.org/licenses/by-nc-nd/2.5/","//www.xeno-canto.org/87921","C","06:30","2010-08-13","?","//www.xeno-canto.org/sounds/uploaded/CWEIBYBYYD/ffts/XC87921-small.png","//www.xeno-canto.org/sounds/uploaded/CWEIBYBYYD/ffts/XC87921-med.png","//www.xeno-canto.org/sounds/uploaded/CWEIBYBYYD/ffts/XC87921-large.png","//www.xeno-canto.org/sounds/uploaded/CWEIBYBYYD/ffts/XC87921-full.png","0:24","2011-10-02",NA,"secondary forest","unknown","unknown","Amazona farinosa","Cercomacroides laeta","Cercomacra cinerascens","Pheugopedius genibarbis","Progne chalybea",NA,NA,NA
"14387","Phaethornis","ruber","","Reddish Hermit","Roger Ahlman","Peru","Tahuayo Lodge, Loreto","-4.1428","-73.1587","song","//www.xeno-canto.org/14387/download","//creativecommons.org/licenses/by-nc-nd/2.5/","//www.xeno-canto.org/14387","C","10:30","2005-07-17","200","//www.xeno-canto.org/sounds/uploaded/EGHCOFEENE/ffts/XC14387-small.png","//www.xeno-canto.org/sounds/uploaded/EGHCOFEENE/ffts/XC14387-med.png","//www.xeno-canto.org/sounds/uploaded/EGHCOFEENE/ffts/XC14387-large.png","//www.xeno-canto.org/sounds/uploaded/EGHCOFEENE/ffts/XC14387-full.png","0:21","2008-11-20","","","unknown","unknown",NA,NA,NA,NA,NA,NA,NA,NA
"10236","Phaethornis","ruber","","Reddish Hermit","Luiz Fernando Figueiredo","Brazil","Miracatu, Sao Paulo State","-24.33197","-47.261124","song","//www.xeno-canto.org/10236/download","//creativecommons.org/licenses/by-nc-nd/2.5/","//www.xeno-canto.org/10236","C","?","0000-00-00","40","//www.xeno-canto.org/sounds/uploaded/EYYKGDWADQ/ffts/XC10236-small.png","//www.xeno-canto.org/sounds/uploaded/EYYKGDWADQ/ffts/XC10236-med.png","//www.xeno-canto.org/sounds/uploaded/EYYKGDWADQ/ffts/XC10236-large.png","//www.xeno-canto.org/sounds/uploaded/EYYKGDWADQ/ffts/XC10236-full.png","0:07","2008-11-20","","","unknown","unknown",NA,NA,NA,NA,NA,NA,NA,NA
"8209","Phaethornis","ruber","","Reddish Hermit","Glauco Alves Pereira","Brazil","Parque Dois Irmãos, Recife, Pernambuco","-8.0539","-34.8809","call","//www.xeno-canto.org/8209/download","//creativecommons.org/licenses/by-nc-nd/2.5/","//www.xeno-canto.org/8209","C","07:49","2006-11-12","60","//www.xeno-canto.org/sounds/uploaded/ZWEROGGYVP/ffts/XC8209-small.png","//www.xeno-canto.org/sounds/uploaded/ZWEROGGYVP/ffts/XC8209-med.png","//www.xeno-canto.org/sounds/uploaded/ZWEROGGYVP/ffts/XC8209-large.png","//www.xeno-canto.org/sounds/uploaded/ZWEROGGYVP/ffts/XC8209-full.png","0:20","2008-11-20","","","unknown","unknown",NA,NA,NA,NA,NA,NA,NA,NA
"6530","Phaethornis","ruber","","Reddish Hermit","Ricardo Gagliardi","Brazil","Pedra Branca State Park Rio de Janeiro","-22.9428","-43.4362","song","//www.xeno-canto.org/6530/download","//creativecommons.org/licenses/by-nc-nd/2.5/","//www.xeno-canto.org/6530","C","08:30","2005-12-23","180","//www.xeno-canto.org/sounds/uploaded/YRDADNREOP/ffts/XC6530-small.png","//www.xeno-canto.org/sounds/uploaded/YRDADNREOP/ffts/XC6530-med.png","//www.xeno-canto.org/sounds/uploaded/YRDADNREOP/ffts/XC6530-large.png","//www.xeno-canto.org/sounds/uploaded/YRDADNREOP/ffts/XC6530-full.png","0:22","2008-11-20","","","unknown","unknown",NA,NA,NA,NA,NA,NA,NA,NA
"392093","Phaethornis","ruber","ruber","Reddish Hermit","Sidnei Dantas","Brazil","Tucuruí dam, right bank of the lake","-4.2326","-49.4117","song","//www.xeno-canto.org/392093/download","//creativecommons.org/licenses/by-nc-sa/4.0/","//www.xeno-canto.org/392093","D","07:30","2006-08-24","70","//www.xeno-canto.org/sounds/uploaded/NNCKQMBGPH/ffts/XC392093-small.png","//www.xeno-canto.org/sounds/uploaded/NNCKQMBGPH/ffts/XC392093-med.png","//www.xeno-canto.org/sounds/uploaded/NNCKQMBGPH/ffts/XC392093-large.png","//www.xeno-canto.org/sounds/uploaded/NNCKQMBGPH/ffts/XC392093-full.png","0:14","2017-11-07","Lophotriccus galeatus","terra firme forest fragment.","yes","no",NA,NA,NA,NA,NA,NA,NA,NA
"391484","Phaethornis","ruber","","Reddish Hermit","Antônio Cláudio C. Almeida","Brazil","RVS Mata do Buraquinho, João Pessoa, Paraíba","-7.1393","-34.8607","call, song","//www.xeno-canto.org/391484/download","//creativecommons.org/licenses/by-nc-sa/4.0/","//www.xeno-canto.org/391484","D","10:00","2017-10-13","20","//www.xeno-canto.org/sounds/uploaded/HKPWETEYPM/ffts/XC391484-small.png","//www.xeno-canto.org/sounds/uploaded/HKPWETEYPM/ffts/XC391484-med.png","//www.xeno-canto.org/sounds/uploaded/HKPWETEYPM/ffts/XC391484-large.png","//www.xeno-canto.org/sounds/uploaded/HKPWETEYPM/ffts/XC391484-full.png","1:54","2017-11-02","Chiroxiphia pareola","In the lower stratum of the forest. Adult male.","yes","no",NA,NA,NA,NA,NA,NA,NA,NA
"355847","Phaethornis","ruber","","Reddish Hermit","Mateus G. Santos ","Brazil","Poções, Bahia","-14.5456","-40.2712","flight call, male, song","//www.xeno-canto.org/355847/download","//creativecommons.org/licenses/by-nc-sa/4.0/","//www.xeno-canto.org/355847","D","10:15","2016-01-14","1000","//www.xeno-canto.org/sounds/uploaded/MIIXEHZEUA/ffts/XC355847-small.png","//www.xeno-canto.org/sounds/uploaded/MIIXEHZEUA/ffts/XC355847-med.png","//www.xeno-canto.org/sounds/uploaded/MIIXEHZEUA/ffts/XC355847-large.png","//www.xeno-canto.org/sounds/uploaded/MIIXEHZEUA/ffts/XC355847-full.png","0:04","2017-02-16","","","yes","no",NA,NA,NA,NA,NA,NA,NA,NA
"266418","Phaethornis","ruber","","Reddish Hermit","Sidnei Dantas","Brazil","Bagre, State of Pará","-2.1206","-50.5131","song","//www.xeno-canto.org/266418/download","//creativecommons.org/licenses/by-nc-sa/4.0/","//www.xeno-canto.org/266418","D","08:00","2015-06-19","20","//www.xeno-canto.org/sounds/uploaded/NNCKQMBGPH/ffts/XC266418-small.png","//www.xeno-canto.org/sounds/uploaded/NNCKQMBGPH/ffts/XC266418-med.png","//www.xeno-canto.org/sounds/uploaded/NNCKQMBGPH/ffts/XC266418-large.png","//www.xeno-canto.org/sounds/uploaded/NNCKQMBGPH/ffts/XC266418-full.png","0:36","2015-08-07",NA,"Lek in the undergrowth of a campinarana patch.  Recording filtered.","yes","no","Lipaugus vociferans","Ramphastos vitellinus",NA,NA,NA,NA,NA,NA
"120039","Phaethornis","ruber","","Reddish Hermit","GABRIEL LEITE","Brazil","Alto Alegre do Pindaré, Maranhao","-3.6668","-45.8465","song","//www.xeno-canto.org/120039/download","//creativecommons.org/licenses/by-nc-sa/3.0/","//www.xeno-canto.org/120039","D","07:30","2011-07-21","20","//www.xeno-canto.org/sounds/uploaded/TGBFXDVERJ/ffts/XC120039-small.png","//www.xeno-canto.org/sounds/uploaded/TGBFXDVERJ/ffts/XC120039-med.png","//www.xeno-canto.org/sounds/uploaded/TGBFXDVERJ/ffts/XC120039-large.png","//www.xeno-canto.org/sounds/uploaded/TGBFXDVERJ/ffts/XC120039-full.png","0:19","2013-01-25","","","yes","no",NA,NA,NA,NA,NA,NA,NA,NA
"7439","Phaethornis","ruber","","Reddish Hermit","Glauco Alves Pereira","Brazil","Engenho Jussará, Gravatá, Pernambuco","-8.2834","-35.5834","Song","//www.xeno-canto.org/7439/download","//creativecommons.org/licenses/by-nc-nd/2.5/","//www.xeno-canto.org/7439","D","07:55","2005-04-23","700","//www.xeno-canto.org/sounds/uploaded/ZWEROGGYVP/ffts/XC7439-small.png","//www.xeno-canto.org/sounds/uploaded/ZWEROGGYVP/ffts/XC7439-med.png","//www.xeno-canto.org/sounds/uploaded/ZWEROGGYVP/ffts/XC7439-large.png","//www.xeno-canto.org/sounds/uploaded/ZWEROGGYVP/ffts/XC7439-full.png","0:20","2008-11-20","","","unknown","unknown",NA,NA,NA,NA,NA,NA,NA,NA
"525","Phaethornis","ruber","","Reddish Hermit","John van der Woude","Peru","Explorer's Inn, Tambopata","-12.838554","-69.294548","song","//www.xeno-canto.org/525/download","//creativecommons.org/licenses/by-nc-nd/2.5/","//www.xeno-canto.org/525","D","?:?","1999-04-00","?","//www.xeno-canto.org/sounds/uploaded/LDKAWQWMRJ/ffts/XC525-small.png","//www.xeno-canto.org/sounds/uploaded/LDKAWQWMRJ/ffts/XC525-med.png","//www.xeno-canto.org/sounds/uploaded/LDKAWQWMRJ/ffts/XC525-large.png","//www.xeno-canto.org/sounds/uploaded/LDKAWQWMRJ/ffts/XC525-full.png","0:09","2008-11-20","","trip:http://home.tiscali.nl/~jvanderw/peru99/peru1.html","unknown","unknown",NA,NA,NA,NA,NA,NA,NA,NA
"4281","Phaethornis","stuarti","","White-browed Hermit","Sebastian K. Herzog","Bolivia","Cerro Asunta Pata, La Paz","-15.0417","-68.4778","Flight call. Wing sound.","//www.xeno-canto.org/4281/download","//creativecommons.org/licenses/by-nc-nd/2.5/","//www.xeno-canto.org/4281","B","17:33","1997-02-06","850 - 1500","//www.xeno-canto.org/sounds/uploaded/UYGLRGKDEF/ffts/XC4281-small.png","//www.xeno-canto.org/sounds/uploaded/UYGLRGKDEF/ffts/XC4281-med.png","//www.xeno-canto.org/sounds/uploaded/UYGLRGKDEF/ffts/XC4281-large.png","//www.xeno-canto.org/sounds/uploaded/UYGLRGKDEF/ffts/XC4281-full.png","0:04","2008-11-20","","At 1050 m. cd:http://www.birdsongs.com/Bolivia/main.htm","unknown","unknown",NA,NA,NA,NA,NA,NA,NA,NA
"3536","Phaethornis","stuarti","","White-browed Hermit","Sebastian K. Herzog","Bolivia","Old rd Cochabamba - V. Tunari, Camp 4; Carrasco NP, Cochabamba","-17.1667","-65.5834","Song","//www.xeno-canto.org/3536/download","//creativecommons.org/licenses/by-nc-nd/2.5/","//www.xeno-canto.org/3536","C","6:06","1996-08-24","1000 - 1500","//www.xeno-canto.org/sounds/uploaded/UYGLRGKDEF/ffts/XC3536-small.png","//www.xeno-canto.org/sounds/uploaded/UYGLRGKDEF/ffts/XC3536-med.png","//www.xeno-canto.org/sounds/uploaded/UYGLRGKDEF/ffts/XC3536-large.png","//www.xeno-canto.org/sounds/uploaded/UYGLRGKDEF/ffts/XC3536-full.png","0:31","2008-11-20","","Certainty: 95%.   Not seen. Identification is based on location and altitude. Could have been Reddish Hermit <i>Ph. ruber</i>.  Early dawn. At 1350 m.  cd:http://www.birdsongs.com/Bolivia/main.htm","unknown","unknown",NA,NA,NA,NA,NA,NA,NA,NA
"257801","Phaethornis","atrimentalis","atrimentalis","Black-throated Hermit","John V. Moore","Ecuador","Napo: Pacto Sumaco road","-0.7","-77.6","wing hum, call, female","//www.xeno-canto.org/257801/download","//creativecommons.org/licenses/by-nc-sa/4.0/","//www.xeno-canto.org/257801","A","?","2004-01-00","1305","//www.xeno-canto.org/sounds/uploaded/YKKDTZHLUU/ffts/XC257801-small.png","//www.xeno-canto.org/sounds/uploaded/YKKDTZHLUU/ffts/XC257801-med.png","//www.xeno-canto.org/sounds/uploaded/YKKDTZHLUU/ffts/XC257801-large.png","//www.xeno-canto.org/sounds/uploaded/YKKDTZHLUU/ffts/XC257801-full.png","0:13","2015-07-16","","<a href=http://johnvmoorenaturerecordings.com/pubs/ECUAD/main.htm>Moore et al. 2013: Bird Sounds of Ecuador DVD </a>Edited","unknown","no",NA,NA,NA,NA,NA,NA,NA,NA
"257800","Phaethornis","atrimentalis","atrimentalis","Black-throated Hermit","John V. Moore","Ecuador","Napo: Río Hollín 17 road km NE Archidona","-0.894","-77.725","flight calls","//www.xeno-canto.org/257800/download","//creativecommons.org/licenses/by-nc-sa/4.0/","//www.xeno-canto.org/257800","A","?","2004-01-00","750","//www.xeno-canto.org/sounds/uploaded/YKKDTZHLUU/ffts/XC257800-small.png","//www.xeno-canto.org/sounds/uploaded/YKKDTZHLUU/ffts/XC257800-med.png","//www.xeno-canto.org/sounds/uploaded/YKKDTZHLUU/ffts/XC257800-large.png","//www.xeno-canto.org/sounds/uploaded/YKKDTZHLUU/ffts/XC257800-full.png","0:13","2015-07-16","","<a href=http://johnvmoorenaturerecordings.com/pubs/ECUAD/main.htm>Moore et al. 2013: Bird Sounds of Ecuador DVD </a>","unknown","no",NA,NA,NA,NA,NA,NA,NA,NA
"270894","Phaethornis","atrimentalis","","Black-throated Hermit","Peter Boesman","Peru","Allpahuayo - Mishana Reserve, Loreto","-3.9654","-73.4387","lek","//www.xeno-canto.org/270894/download","//creativecommons.org/licenses/by-nc-nd/4.0/","//www.xeno-canto.org/270894","B","07:00","2010-07-19","120m","//www.xeno-canto.org/sounds/uploaded/OOECIWCSWV/ffts/XC270894-small.png","//www.xeno-canto.org/sounds/uploaded/OOECIWCSWV/ffts/XC270894-med.png","//www.xeno-canto.org/sounds/uploaded/OOECIWCSWV/ffts/XC270894-large.png","//www.xeno-canto.org/sounds/uploaded/OOECIWCSWV/ffts/XC270894-full.png","0:21","2015-08-26","","","unknown","unknown",NA,NA,NA,NA,NA,NA,NA,NA
"238795","Phaethornis","atrimentalis","atrimentalis","Black-throated Hermit","Niels Krabbe","Ecuador","Pastaza: Kapawi area, left bank Río Pastaza","-2.54","-76.859","song at lek","//www.xeno-canto.org/238795/download","//creativecommons.org/licenses/by-nc-sa/3.0/","//www.xeno-canto.org/238795","B","6:30","1996-10-24","200","//www.xeno-canto.org/sounds/uploaded/XTVEPHMPPJ/ffts/XC238795-small.png","//www.xeno-canto.org/sounds/uploaded/XTVEPHMPPJ/ffts/XC238795-med.png","//www.xeno-canto.org/sounds/uploaded/XTVEPHMPPJ/ffts/XC238795-large.png","//www.xeno-canto.org/sounds/uploaded/XTVEPHMPPJ/ffts/XC238795-full.png","0:35","2015-05-01","Akletos melanoceps","Undergrowth in humid forest. Reference: CXLVIIB 611-623 (Phaatr2). Krabbe & Nilsson (2003) (ISBN 90-75838-06-9).","yes","no",NA,NA,NA,NA,NA,NA,NA,NA
"246082","Phaethornis","atrimentalis","","Black-throated Hermit","Roger Ahlman","Ecuador","Nuevo Paraiso, Zamora-Chinchipe","-4.3748","-78.6556","song","//www.xeno-canto.org/246082/download","//creativecommons.org/licenses/by-nc-sa/4.0/","//www.xeno-canto.org/246082","C","11:00","2015-05-10","900","//www.xeno-canto.org/sounds/uploaded/EGHCOFEENE/ffts/XC246082-small.png","//www.xeno-canto.org/sounds/uploaded/EGHCOFEENE/ffts/XC246082-med.png","//www.xeno-canto.org/sounds/uploaded/EGHCOFEENE/ffts/XC246082-large.png","//www.xeno-canto.org/sounds/uploaded/EGHCOFEENE/ffts/XC246082-full.png","0:30","2015-05-25",NA,"Not 100% sure but vocalization and habitat fits well. In a small woodland in pastures and wet scrub.","no","no","Synallaxis albigularis","Campylorhynchus turdinus","Melanerpes cruentatus",NA,NA,NA,NA,NA
"157564","Phaethornis","atrimentalis","","Black-throated Hermit","Hans Matheve","Peru","Quebrada Mishquiyacu, Moyobamba","-6.0921","-76.9912","song?","//www.xeno-canto.org/157564/download","//creativecommons.org/licenses/by-nc-nd/3.0/","//www.xeno-canto.org/157564","C","?","2010-12-24","1600","//www.xeno-canto.org/sounds/uploaded/VROUALCTKG/ffts/XC157564-small.png","//www.xeno-canto.org/sounds/uploaded/VROUALCTKG/ffts/XC157564-med.png","//www.xeno-canto.org/sounds/uploaded/VROUALCTKG/ffts/XC157564-large.png","//www.xeno-canto.org/sounds/uploaded/VROUALCTKG/ffts/XC157564-full.png","0:13","2013-12-12","","","yes","unknown",NA,NA,NA,NA,NA,NA,NA,NA
"127604","Phaethornis","atrimentalis","","Black-throated Hermit","Oswaldo Cortes","Colombia","Puerto Lopez, Meta","4.1809","-72.9136","lek, song","//www.xeno-canto.org/127604/download","//creativecommons.org/licenses/by-nc-sa/3.0/","//www.xeno-canto.org/127604","C","03:30","2013-03-05","170","//www.xeno-canto.org/sounds/uploaded/VVDRVZCVWW/ffts/XC127604-small.png","//www.xeno-canto.org/sounds/uploaded/VVDRVZCVWW/ffts/XC127604-med.png","//www.xeno-canto.org/sounds/uploaded/VVDRVZCVWW/ffts/XC127604-large.png","//www.xeno-canto.org/sounds/uploaded/VVDRVZCVWW/ffts/XC127604-full.png","0:27","2013-03-28","","","yes","no",NA,NA,NA,NA,NA,NA,NA,NA
"127602","Phaethornis","atrimentalis","","Black-throated Hermit","Oswaldo Cortes","Colombia","Puerto Lopez, Meta","4.1809","-72.9136","song","//www.xeno-canto.org/127602/download","//creativecommons.org/licenses/by-nc-sa/3.0/","//www.xeno-canto.org/127602","C","03:00","2013-03-05","170","//www.xeno-canto.org/sounds/uploaded/VVDRVZCVWW/ffts/XC127602-small.png","//www.xeno-canto.org/sounds/uploaded/VVDRVZCVWW/ffts/XC127602-med.png","//www.xeno-canto.org/sounds/uploaded/VVDRVZCVWW/ffts/XC127602-large.png","//www.xeno-canto.org/sounds/uploaded/VVDRVZCVWW/ffts/XC127602-full.png","0:22","2013-03-28","Ramphastos tucanus","","yes","no",NA,NA,NA,NA,NA,NA,NA,NA
"100352","Phaethornis","atrimentalis","","Black-throated Hermit","Oswaldo Cortes","Colombia","Puerto Lopez, Rio Humea (meta)","4.155","-72.923","song","//www.xeno-canto.org/100352/download","//creativecommons.org/licenses/by-nc-nd/2.5/","//www.xeno-canto.org/100352","C","7:11","2010-10-07","102","//www.xeno-canto.org/sounds/uploaded/VVDRVZCVWW/ffts/XC100352-small.png","//www.xeno-canto.org/sounds/uploaded/VVDRVZCVWW/ffts/XC100352-med.png","//www.xeno-canto.org/sounds/uploaded/VVDRVZCVWW/ffts/XC100352-large.png","//www.xeno-canto.org/sounds/uploaded/VVDRVZCVWW/ffts/XC100352-full.png","0:27","2012-05-05","","lekking","unknown","unknown",NA,NA,NA,NA,NA,NA,NA,NA
"100351","Phaethornis","atrimentalis","","Black-throated Hermit","Oswaldo Cortes","Colombia","Puerto Lopez, Rio Humea (meta)","4.155","-72.923","song","//www.xeno-canto.org/100351/download","//creativecommons.org/licenses/by-nc-nd/2.5/","//www.xeno-canto.org/100351","C","7:11","2010-10-07","102","//www.xeno-canto.org/sounds/uploaded/VVDRVZCVWW/ffts/XC100351-small.png","//www.xeno-canto.org/sounds/uploaded/VVDRVZCVWW/ffts/XC100351-med.png","//www.xeno-canto.org/sounds/uploaded/VVDRVZCVWW/ffts/XC100351-large.png","//www.xeno-canto.org/sounds/uploaded/VVDRVZCVWW/ffts/XC100351-full.png","0:23","2012-05-05","Ramphastos tucanus","lekking","unknown","unknown",NA,NA,NA,NA,NA,NA,NA,NA
"11991","Phaethornis","atrimentalis","","Black-throated Hermit","Frank Lambert","Peru","near Mishana Village","-3.880397","-73.49257","song","//www.xeno-canto.org/11991/download","//creativecommons.org/licenses/by-nc-nd/4.0/","//www.xeno-canto.org/11991","C","?","2006-01-24","100","//www.xeno-canto.org/sounds/uploaded/YTUXOCTUEM/ffts/XC11991-small.png","//www.xeno-canto.org/sounds/uploaded/YTUXOCTUEM/ffts/XC11991-med.png","//www.xeno-canto.org/sounds/uploaded/YTUXOCTUEM/ffts/XC11991-large.png","//www.xeno-canto.org/sounds/uploaded/YTUXOCTUEM/ffts/XC11991-full.png","0:08","2008-11-20","","edge of Varzea. Drinking","unknown","unknown",NA,NA,NA,NA,NA,NA,NA,NA
"100350","Phaethornis","atrimentalis","","Black-throated Hermit","Oswaldo Cortes","Colombia","Puerto Lopez, Rio Humea (meta)","4.155","-72.923","song","//www.xeno-canto.org/100350/download","//creativecommons.org/licenses/by-nc-nd/2.5/","//www.xeno-canto.org/100350","D","7:11","2010-10-07","102","//www.xeno-canto.org/sounds/uploaded/VVDRVZCVWW/ffts/XC100350-small.png","//www.xeno-canto.org/sounds/uploaded/VVDRVZCVWW/ffts/XC100350-med.png","//www.xeno-canto.org/sounds/uploaded/VVDRVZCVWW/ffts/XC100350-large.png","//www.xeno-canto.org/sounds/uploaded/VVDRVZCVWW/ffts/XC100350-full.png","0:32","2012-05-05","","lekking","unknown","unknown",NA,NA,NA,NA,NA,NA,NA,NA
"38843","Phaethornis","atrimentalis","","Black-throated Hermit","Oswaldo Cortes","Colombia","FARALLON DE MEDINA ","4.5834","-73.4834","song","//www.xeno-canto.org/38843/download","//creativecommons.org/licenses/by-nc-nd/2.5/","//www.xeno-canto.org/38843","D","08:00","2009-09-15","1700","//www.xeno-canto.org/sounds/uploaded/VVDRVZCVWW/ffts/XC38843-small.png","//www.xeno-canto.org/sounds/uploaded/VVDRVZCVWW/ffts/XC38843-med.png","//www.xeno-canto.org/sounds/uploaded/VVDRVZCVWW/ffts/XC38843-large.png","//www.xeno-canto.org/sounds/uploaded/VVDRVZCVWW/ffts/XC38843-full.png","0:18","2009-09-18","","","unknown","unknown",NA,NA,NA,NA,NA,NA,NA,NA
"149950","Phaethornis","aethopygus","","Tapajos Hermit","GABRIEL LEITE","Brazil","Trairão, Para","-4.8173","-56.3544","song","//www.xeno-canto.org/149950/download","//creativecommons.org/licenses/by-nc-sa/3.0/","//www.xeno-canto.org/149950","A","08:00","2013-10-01","100","//www.xeno-canto.org/sounds/uploaded/TGBFXDVERJ/ffts/XC149950-small.png","//www.xeno-canto.org/sounds/uploaded/TGBFXDVERJ/ffts/XC149950-med.png","//www.xeno-canto.org/sounds/uploaded/TGBFXDVERJ/ffts/XC149950-large.png","//www.xeno-canto.org/sounds/uploaded/TGBFXDVERJ/ffts/XC149950-full.png","0:54","2013-10-07","","","yes","no",NA,NA,NA,NA,NA,NA,NA,NA
"36955","Phaethornis","aethopygus","","Tapajos Hermit","Guilherme R R Brito","Brazil","Right bank of Rio Teles Pires, Jacareacanga, Para ","-9.3109","-56.7781","song","//www.xeno-canto.org/36955/download","//creativecommons.org/licenses/by-nc-nd/2.5/","//www.xeno-canto.org/36955","A","08:00","2009-06-05","190","//www.xeno-canto.org/sounds/uploaded/OAYOBWYOOM/ffts/XC36955-small.png","//www.xeno-canto.org/sounds/uploaded/OAYOBWYOOM/ffts/XC36955-med.png","//www.xeno-canto.org/sounds/uploaded/OAYOBWYOOM/ffts/XC36955-large.png","//www.xeno-canto.org/sounds/uploaded/OAYOBWYOOM/ffts/XC36955-full.png","0:14","2009-07-16","","Soon to be rediscribed at the species level. Said to be an hybrid species, but none of the supposed parental ones occurs on the Tapajos-Xingu interfluvium. Not to say about the several diagnostic morphological characters. Singing male (yes they have a very marked plumage sexual dimorphism).","unknown","unknown",NA,NA,NA,NA,NA,NA,NA,NA
"91208","Phaethornis","aethopygus","","Tapajos Hermit","Bradley Davis","Brazil","Tapajos National Forest, Bacia 363, Santarem","-3.2939","-54.9978","song","//www.xeno-canto.org/91208/download","//creativecommons.org/licenses/by-nc-nd/2.5/","//www.xeno-canto.org/91208","B","AM","2011-01-26","?","//www.xeno-canto.org/sounds/uploaded/YNXJLOESBB/ffts/XC91208-small.png","//www.xeno-canto.org/sounds/uploaded/YNXJLOESBB/ffts/XC91208-med.png","//www.xeno-canto.org/sounds/uploaded/YNXJLOESBB/ffts/XC91208-large.png","//www.xeno-canto.org/sounds/uploaded/YNXJLOESBB/ffts/XC91208-full.png","0:46","2011-12-06","","","unknown","unknown",NA,NA,NA,NA,NA,NA,NA,NA
"90519","Phaethornis","aethopygus","","Tapajos Hermit","Alexander Lees","Brazil","Floresta Nacional do Tapajós ","-2.991","-54.961","song","//www.xeno-canto.org/90519/download","//creativecommons.org/licenses/by-nc-nd/2.5/","//www.xeno-canto.org/90519","B","09:50","2010-12-15","150","//www.xeno-canto.org/sounds/uploaded/INDDBZAFJL/ffts/XC90519-small.png","//www.xeno-canto.org/sounds/uploaded/INDDBZAFJL/ffts/XC90519-med.png","//www.xeno-canto.org/sounds/uploaded/INDDBZAFJL/ffts/XC90519-large.png","//www.xeno-canto.org/sounds/uploaded/INDDBZAFJL/ffts/XC90519-full.png","0:19","2011-11-27",NA,"song at lek","unknown","unknown","Phoenicircus carnifex","Hylophilus hypoxanthus","Psarocolius bifasciatus",NA,NA,NA,NA,NA
"482545","Phaethornis","striigularis","ss saturatus","Stripe-throated Hermit","Brendan Sloan","Costa Rica","Wilson Botanical Garden, Las Cruces, Puntaneras",NA,NA,"song","//www.xeno-canto.org/482545/download","//creativecommons.org/licenses/by-nc-nd/4.0/","//www.xeno-canto.org/482545","A","15:00","2019-03-04","1000 masl approx","//www.xeno-canto.org/sounds/uploaded/TNTQAOFHFM/ffts/XC482545-small.png","//www.xeno-canto.org/sounds/uploaded/TNTQAOFHFM/ffts/XC482545-med.png","//www.xeno-canto.org/sounds/uploaded/TNTQAOFHFM/ffts/XC482545-large.png","//www.xeno-canto.org/sounds/uploaded/TNTQAOFHFM/ffts/XC482545-full.png","0:19","2019-06-20","","Courtship display-lek song","yes","no",NA,NA,NA,NA,NA,NA,NA,NA
"482544","Phaethornis","striigularis","SS saturatus","Stripe-throated Hermit","Brendan Sloan","Costa Rica","Wilson Botanical Garden, Las Cruces, Puntaneras",NA,NA,"song","//www.xeno-canto.org/482544/download","//creativecommons.org/licenses/by-nc-nd/4.0/","//www.xeno-canto.org/482544","A","15:00","2019-03-04","1000 masl approx","//www.xeno-canto.org/sounds/uploaded/TNTQAOFHFM/ffts/XC482544-small.png","//www.xeno-canto.org/sounds/uploaded/TNTQAOFHFM/ffts/XC482544-med.png","//www.xeno-canto.org/sounds/uploaded/TNTQAOFHFM/ffts/XC482544-large.png","//www.xeno-canto.org/sounds/uploaded/TNTQAOFHFM/ffts/XC482544-full.png","0:53","2019-06-20","","Courtship display-lek song","yes","no",NA,NA,NA,NA,NA,NA,NA,NA
"402746","Phaethornis","striigularis","","Stripe-throated Hermit","Marilyn Castillo","Mexico","Marqués de Comillas, Chiapas","16.1799","-90.8915","flight call, wing noise","//www.xeno-canto.org/402746/download","//creativecommons.org/licenses/by-nc-nd/4.0/","//www.xeno-canto.org/402746","A","07:00","2016-03-14","160","//www.xeno-canto.org/sounds/uploaded/CHRIDPJVMH/ffts/XC402746-small.png","//www.xeno-canto.org/sounds/uploaded/CHRIDPJVMH/ffts/XC402746-med.png","//www.xeno-canto.org/sounds/uploaded/CHRIDPJVMH/ffts/XC402746-large.png","//www.xeno-canto.org/sounds/uploaded/CHRIDPJVMH/ffts/XC402746-full.png","0:06","2018-02-14","","","yes","no",NA,NA,NA,NA,NA,NA,NA,NA
"402738","Phaethornis","striigularis","","Stripe-throated Hermit","Marilyn Castillo","Mexico","Marqués de Comillas, Chiapas","16.1462","-90.9183","male, song","//www.xeno-canto.org/402738/download","//creativecommons.org/licenses/by-nc-nd/4.0/","//www.xeno-canto.org/402738","A","09:30","2016-03-15","170","//www.xeno-canto.org/sounds/uploaded/CHRIDPJVMH/ffts/XC402738-small.png","//www.xeno-canto.org/sounds/uploaded/CHRIDPJVMH/ffts/XC402738-med.png","//www.xeno-canto.org/sounds/uploaded/CHRIDPJVMH/ffts/XC402738-large.png","//www.xeno-canto.org/sounds/uploaded/CHRIDPJVMH/ffts/XC402738-full.png","0:15","2018-02-14","","","yes","no",NA,NA,NA,NA,NA,NA,NA,NA
"400110","Phaethornis","striigularis","","Stripe-throated Hermit","Dan Lane","Mexico","San Juan Bautista Valle Nacional, San Juan Bautista Valle Nacional, Oaxaca","17.7656","-96.3387","song","//www.xeno-canto.org/400110/download","//creativecommons.org/licenses/by-nc-sa/4.0/","//www.xeno-canto.org/400110","A","12:00","2017-12-20","240","//www.xeno-canto.org/sounds/uploaded/WOEAFQRMUD/ffts/XC400110-small.png","//www.xeno-canto.org/sounds/uploaded/WOEAFQRMUD/ffts/XC400110-med.png","//www.xeno-canto.org/sounds/uploaded/WOEAFQRMUD/ffts/XC400110-large.png","//www.xeno-canto.org/sounds/uploaded/WOEAFQRMUD/ffts/XC400110-full.png","1:32","2018-01-22","Cyanocompsa cyanoides","Natural song from unseen individual near ground in dense scrub patch downslope from road.","no","no",NA,NA,NA,NA,NA,NA,NA,NA
"378369","Phaethornis","striigularis","","Stripe-throated Hermit","Fabrice Schmitt","Colombia","RNA El Paujil, Santander","6.05","-74.261","song","//www.xeno-canto.org/378369/download","//creativecommons.org/licenses/by-nc-sa/4.0/","//www.xeno-canto.org/378369","A","08:30","2014-03-14","190","//www.xeno-canto.org/sounds/uploaded/FPAGKPAQYO/ffts/XC378369-small.png","//www.xeno-canto.org/sounds/uploaded/FPAGKPAQYO/ffts/XC378369-med.png","//www.xeno-canto.org/sounds/uploaded/FPAGKPAQYO/ffts/XC378369-large.png","//www.xeno-canto.org/sounds/uploaded/FPAGKPAQYO/ffts/XC378369-full.png","0:39","2017-07-03","","at lek","yes","no",NA,NA,NA,NA,NA,NA,NA,NA
"361707","Phaethornis","striigularis","saturatus","Stripe-throated Hermit","Hans Matheve","Panama","Cerro Jefe","9.2423","-79.4011","song","//www.xeno-canto.org/361707/download","//creativecommons.org/licenses/by-nc-nd/4.0/","//www.xeno-canto.org/361707","A","?","2016-12-21","900","//www.xeno-canto.org/sounds/uploaded/VROUALCTKG/ffts/XC361707-small.png","//www.xeno-canto.org/sounds/uploaded/VROUALCTKG/ffts/XC361707-med.png","//www.xeno-canto.org/sounds/uploaded/VROUALCTKG/ffts/XC361707-large.png","//www.xeno-canto.org/sounds/uploaded/VROUALCTKG/ffts/XC361707-full.png","0:54","2017-03-27","","","yes","no",NA,NA,NA,NA,NA,NA,NA,NA
"275254","Phaethornis","striigularis","subrufescens","Stripe-throated Hermit","Patricio Mena Valenzuela","Ecuador","Esmeraldas: Playa de Oro, village and vicinity, Río Santiago","0.883","-78.8","flight calls","//www.xeno-canto.org/275254/download","//creativecommons.org/licenses/by-nc-sa/4.0/","//www.xeno-canto.org/275254","A","?","1996-05-00","60","//www.xeno-canto.org/sounds/uploaded/WQDBTPZFRV/ffts/XC275254-small.png","//www.xeno-canto.org/sounds/uploaded/WQDBTPZFRV/ffts/XC275254-med.png","//www.xeno-canto.org/sounds/uploaded/WQDBTPZFRV/ffts/XC275254-large.png","//www.xeno-canto.org/sounds/uploaded/WQDBTPZFRV/ffts/XC275254-full.png","0:07","2015-08-28","Myiozetetes cayanensis","<a href=http://johnvmoorenaturerecordings.com/pubs/ECUAD/main.htm>Moore et al. 2013: Bird Sounds of Ecuador DVD </a> Trap-lining bird. Edited","unknown","no",NA,NA,NA,NA,NA,NA,NA,NA
"274600","Phaethornis","striigularis","","Stripe-throated Hermit","Peter Boesman","Costa Rica","La Selva biological station, Heredia","10.43","-84","song","//www.xeno-canto.org/274600/download","//creativecommons.org/licenses/by-nc-nd/4.0/","//www.xeno-canto.org/274600","A","16:00","2010-03-13","","//www.xeno-canto.org/sounds/uploaded/OOECIWCSWV/ffts/XC274600-small.png","//www.xeno-canto.org/sounds/uploaded/OOECIWCSWV/ffts/XC274600-med.png","//www.xeno-canto.org/sounds/uploaded/OOECIWCSWV/ffts/XC274600-large.png","//www.xeno-canto.org/sounds/uploaded/OOECIWCSWV/ffts/XC274600-full.png","0:41","2015-08-27","","","unknown","unknown",NA,NA,NA,NA,NA,NA,NA,NA
"274301","Phaethornis","striigularis","","Stripe-throated Hermit","Peter Boesman","Costa Rica","Esquinas lodge, Piedras Blancas NP, Puntarenas","8.6759","-83.2051","song","//www.xeno-canto.org/274301/download","//creativecommons.org/licenses/by-nc-nd/4.0/","//www.xeno-canto.org/274301","A","10:45","2010-03-21","100","//www.xeno-canto.org/sounds/uploaded/OOECIWCSWV/ffts/XC274301-small.png","//www.xeno-canto.org/sounds/uploaded/OOECIWCSWV/ffts/XC274301-med.png","//www.xeno-canto.org/sounds/uploaded/OOECIWCSWV/ffts/XC274301-large.png","//www.xeno-canto.org/sounds/uploaded/OOECIWCSWV/ffts/XC274301-full.png","0:44","2015-08-27","Patagioenas nigrirostris","(Background: Short-billed Pigeon)","unknown","unknown",NA,NA,NA,NA,NA,NA,NA,NA
"271501","Phaethornis","striigularis","","Stripe-throated Hermit","Peter Boesman","Panama","Cerro Azul area","9.221621","-79.400678","song","//www.xeno-canto.org/271501/download","//creativecommons.org/licenses/by-nc-nd/4.0/","//www.xeno-canto.org/271501","A","14:00","2015-02-23","","//www.xeno-canto.org/sounds/uploaded/OOECIWCSWV/ffts/XC271501-small.png","//www.xeno-canto.org/sounds/uploaded/OOECIWCSWV/ffts/XC271501-med.png","//www.xeno-canto.org/sounds/uploaded/OOECIWCSWV/ffts/XC271501-large.png","//www.xeno-canto.org/sounds/uploaded/OOECIWCSWV/ffts/XC271501-full.png","0:36","2015-08-26","","","unknown","unknown",NA,NA,NA,NA,NA,NA,NA,NA
"271500","Phaethornis","striigularis","","Stripe-throated Hermit","Peter Boesman","Panama","Cerro Azul area","9.221621","-79.400678","song","//www.xeno-canto.org/271500/download","//creativecommons.org/licenses/by-nc-nd/4.0/","//www.xeno-canto.org/271500","A","14:00","2015-02-23","","//www.xeno-canto.org/sounds/uploaded/OOECIWCSWV/ffts/XC271500-small.png","//www.xeno-canto.org/sounds/uploaded/OOECIWCSWV/ffts/XC271500-med.png","//www.xeno-canto.org/sounds/uploaded/OOECIWCSWV/ffts/XC271500-large.png","//www.xeno-canto.org/sounds/uploaded/OOECIWCSWV/ffts/XC271500-full.png","0:29","2015-08-26","","","unknown","unknown",NA,NA,NA,NA,NA,NA,NA,NA
"263481","Phaethornis","striigularis","","Stripe-throated Hermit","Scott Olmstead","Colombia","Trail to Pozo Azul, Sierra Nevada de Santa Marta, Magdalena","11.1383","-74.106","song","//www.xeno-canto.org/263481/download","//creativecommons.org/licenses/by-nc-sa/4.0/","//www.xeno-canto.org/263481","A","12:33","2015-07-03","750","//www.xeno-canto.org/sounds/uploaded/DABODLPUPA/ffts/XC263481-small.png","//www.xeno-canto.org/sounds/uploaded/DABODLPUPA/ffts/XC263481-med.png","//www.xeno-canto.org/sounds/uploaded/DABODLPUPA/ffts/XC263481-large.png","//www.xeno-canto.org/sounds/uploaded/DABODLPUPA/ffts/XC263481-full.png","1:16","2015-07-23","","Singing at a lek from a low perch in the understory. The bird wags its tail as it sings. Some filter applied to mitigate background river noise.","yes","no",NA,NA,NA,NA,NA,NA,NA,NA
"261704","Phaethornis","striigularis","subrufescens","Stripe-throated Hermit","Olaf Jahn","Ecuador","Esmeraldas: Playa de Oro, village and vicinity, Río Santiago","0.883","-78.8","flight calls, wing noise","//www.xeno-canto.org/261704/download","//creativecommons.org/licenses/by-nc-sa/4.0/","//www.xeno-canto.org/261704","A","?","1997-06-05","60","//www.xeno-canto.org/sounds/uploaded/UZXDJEAXMH/ffts/XC261704-small.png","//www.xeno-canto.org/sounds/uploaded/UZXDJEAXMH/ffts/XC261704-med.png","//www.xeno-canto.org/sounds/uploaded/UZXDJEAXMH/ffts/XC261704-large.png","//www.xeno-canto.org/sounds/uploaded/UZXDJEAXMH/ffts/XC261704-full.png","0:06","2015-07-19","","<a href=http://johnvmoorenaturerecordings.com/pubs/ECUAD/main.htm>Moore et al. 2013: Bird Sounds of Ecuador DVD </a>","unknown","no",NA,NA,NA,NA,NA,NA,NA,NA
"261703","Phaethornis","striigularis","subrufescens","Stripe-throated Hermit","Olaf Jahn","Ecuador","Esmeraldas: Playa de Oro, foothill zone ca. 7 km E of village, Río Santiago","0.867","-78.733","calls from perch","//www.xeno-canto.org/261703/download","//creativecommons.org/licenses/by-nc-sa/4.0/","//www.xeno-canto.org/261703","A","?","1997-04-00","60","//www.xeno-canto.org/sounds/uploaded/UZXDJEAXMH/ffts/XC261703-small.png","//www.xeno-canto.org/sounds/uploaded/UZXDJEAXMH/ffts/XC261703-med.png","//www.xeno-canto.org/sounds/uploaded/UZXDJEAXMH/ffts/XC261703-large.png","//www.xeno-canto.org/sounds/uploaded/UZXDJEAXMH/ffts/XC261703-full.png","0:08","2015-07-19",NA,"<a href=http://johnvmoorenaturerecordings.com/pubs/ECUAD/main.htm>Moore et al. 2013: Bird Sounds of Ecuador DVD </a>","unknown","no","Poliocrania exsul","Cercomacroides tyrannina",NA,NA,NA,NA,NA,NA
"261702","Phaethornis","striigularis","subrufescens","Stripe-throated Hermit","Olaf Jahn","Ecuador","Esmeraldas: Playa de Oro, village and vicinity, Río Santiago","0.883","-78.8","song and calls at lek","//www.xeno-canto.org/261702/download","//creativecommons.org/licenses/by-nc-sa/4.0/","//www.xeno-canto.org/261702","A","?","1996-09-26","60","//www.xeno-canto.org/sounds/uploaded/UZXDJEAXMH/ffts/XC261702-small.png","//www.xeno-canto.org/sounds/uploaded/UZXDJEAXMH/ffts/XC261702-med.png","//www.xeno-canto.org/sounds/uploaded/UZXDJEAXMH/ffts/XC261702-large.png","//www.xeno-canto.org/sounds/uploaded/UZXDJEAXMH/ffts/XC261702-full.png","0:18","2015-07-19",NA,"<a href=http://johnvmoorenaturerecordings.com/pubs/ECUAD/main.htm>Moore et al. 2013: Bird Sounds of Ecuador DVD </a>","unknown","no","Patagioenas subvinacea","Leptotila pallida",NA,NA,NA,NA,NA,NA
"261701","Phaethornis","striigularis","subrufescens","Stripe-throated Hermit","Olaf Jahn","Ecuador","Esmeraldas: Playa de Oro, village and vicinity, Río Santiago","0.883","-78.8","display song and chase calls at lek","//www.xeno-canto.org/261701/download","//creativecommons.org/licenses/by-nc-sa/4.0/","//www.xeno-canto.org/261701","A","?","1996-09-26","60","//www.xeno-canto.org/sounds/uploaded/UZXDJEAXMH/ffts/XC261701-small.png","//www.xeno-canto.org/sounds/uploaded/UZXDJEAXMH/ffts/XC261701-med.png","//www.xeno-canto.org/sounds/uploaded/UZXDJEAXMH/ffts/XC261701-large.png","//www.xeno-canto.org/sounds/uploaded/UZXDJEAXMH/ffts/XC261701-full.png","0:14","2015-07-19","Patagioenas subvinacea","<a href=http://johnvmoorenaturerecordings.com/pubs/ECUAD/main.htm>Moore et al. 2013: Bird Sounds of Ecuador DVD </a>","unknown","no",NA,NA,NA,NA,NA,NA,NA,NA
"261700","Phaethornis","striigularis","subrufescens","Stripe-throated Hermit","Olaf Jahn","Ecuador","Esmeraldas: Playa de Oro, village and vicinity, Río Santiago","0.883","-78.8","display song and wing noise at lek","//www.xeno-canto.org/261700/download","//creativecommons.org/licenses/by-nc-sa/4.0/","//www.xeno-canto.org/261700","A","?","1996-09-26","60","//www.xeno-canto.org/sounds/uploaded/UZXDJEAXMH/ffts/XC261700-small.png","//www.xeno-canto.org/sounds/uploaded/UZXDJEAXMH/ffts/XC261700-med.png","//www.xeno-canto.org/sounds/uploaded/UZXDJEAXMH/ffts/XC261700-large.png","//www.xeno-canto.org/sounds/uploaded/UZXDJEAXMH/ffts/XC261700-full.png","0:36","2015-07-19",NA,"<a href=http://johnvmoorenaturerecordings.com/pubs/ECUAD/main.htm>Moore et al. 2013: Bird Sounds of Ecuador DVD </a>","unknown","no","Leptotila pallida","Patagioenas goodsoni","Poliocrania exsul",NA,NA,NA,NA,NA
"261699","Phaethornis","striigularis","subrufescens","Stripe-throated Hermit","Olaf Jahn","Ecuador","Esmeraldas: Playa de Oro, village and vicinity, Río Santiago","0.883","-78.8","display song at lek","//www.xeno-canto.org/261699/download","//creativecommons.org/licenses/by-nc-sa/4.0/","//www.xeno-canto.org/261699","A","?","1997-02-18","80","//www.xeno-canto.org/sounds/uploaded/UZXDJEAXMH/ffts/XC261699-small.png","//www.xeno-canto.org/sounds/uploaded/UZXDJEAXMH/ffts/XC261699-med.png","//www.xeno-canto.org/sounds/uploaded/UZXDJEAXMH/ffts/XC261699-large.png","//www.xeno-canto.org/sounds/uploaded/UZXDJEAXMH/ffts/XC261699-full.png","0:26","2015-07-19","","<a href=http://johnvmoorenaturerecordings.com/pubs/ECUAD/main.htm>Moore et al. 2013: Bird Sounds of Ecuador DVD </a>","unknown","no",NA,NA,NA,NA,NA,NA,NA,NA
"253745","Phaethornis","striigularis","","Stripe-throated Hermit","Guillermo Funes","Honduras","Parque Nacional Cerro Azul Meámbar","14.84","-87.882","song","//www.xeno-canto.org/253745/download","//creativecommons.org/licenses/by-nc-sa/4.0/","//www.xeno-canto.org/253745","A","11:00","2015-04-22","760","//www.xeno-canto.org/sounds/uploaded/TUSYQQCXTQ/ffts/XC253745-small.png","//www.xeno-canto.org/sounds/uploaded/TUSYQQCXTQ/ffts/XC253745-med.png","//www.xeno-canto.org/sounds/uploaded/TUSYQQCXTQ/ffts/XC253745-large.png","//www.xeno-canto.org/sounds/uploaded/TUSYQQCXTQ/ffts/XC253745-full.png","1:08","2015-06-25","","Amplified recording","yes","no",NA,NA,NA,NA,NA,NA,NA,NA
"251330","Phaethornis","striigularis","subrufescens","Stripe-throated Hermit","Niels Krabbe","Ecuador","Pichincha: Río Guaycuyacu","0.217","-78.89","lek song","//www.xeno-canto.org/251330/download","//creativecommons.org/licenses/by-sa/4.0/","//www.xeno-canto.org/251330","A","07:10","2008-02-17","550","//www.xeno-canto.org/sounds/uploaded/XTVEPHMPPJ/ffts/XC251330-small.png","//www.xeno-canto.org/sounds/uploaded/XTVEPHMPPJ/ffts/XC251330-med.png","//www.xeno-canto.org/sounds/uploaded/XTVEPHMPPJ/ffts/XC251330-large.png","//www.xeno-canto.org/sounds/uploaded/XTVEPHMPPJ/ffts/XC251330-full.png","1:44","2015-06-07","","Different bird from other recorded same date. Edge of humid secondary forest","yes","no",NA,NA,NA,NA,NA,NA,NA,NA
"251329","Phaethornis","striigularis","subrufescens","Stripe-throated Hermit","Niels Krabbe","Ecuador","Pichincha: Río Guaycuyacu","0.217","-78.89","lek song","//www.xeno-canto.org/251329/download","//creativecommons.org/licenses/by-sa/4.0/","//www.xeno-canto.org/251329","A","07:00","2008-02-17","550","//www.xeno-canto.org/sounds/uploaded/XTVEPHMPPJ/ffts/XC251329-small.png","//www.xeno-canto.org/sounds/uploaded/XTVEPHMPPJ/ffts/XC251329-med.png","//www.xeno-canto.org/sounds/uploaded/XTVEPHMPPJ/ffts/XC251329-large.png","//www.xeno-canto.org/sounds/uploaded/XTVEPHMPPJ/ffts/XC251329-full.png","1:32","2015-06-07","","Edge of humid secondary forest. Filtered version on Moore et al. (2013) (http://johnvmoorenaturerecordings.com/pubs/ECUAD/main.htm).","yes","no",NA,NA,NA,NA,NA,NA,NA,NA
"251328","Phaethornis","striigularis","subrufescens","Stripe-throated Hermit","Niels Krabbe","Ecuador","Pichincha: Río Guaycuyacu","0.217","-78.89","song","//www.xeno-canto.org/251328/download","//creativecommons.org/licenses/by-sa/4.0/","//www.xeno-canto.org/251328","A","?","2012-01-16","520","//www.xeno-canto.org/sounds/uploaded/XTVEPHMPPJ/ffts/XC251328-small.png","//www.xeno-canto.org/sounds/uploaded/XTVEPHMPPJ/ffts/XC251328-med.png","//www.xeno-canto.org/sounds/uploaded/XTVEPHMPPJ/ffts/XC251328-large.png","//www.xeno-canto.org/sounds/uploaded/XTVEPHMPPJ/ffts/XC251328-full.png","1:28","2015-06-07","","Lek. Birds singing less than 1 m from the ground. Orchard and wet forest. Filtered version on Moore et al. (2013) (http://johnvmoorenaturerecordings.com/pubs/ECUAD/main.htm).","yes","no",NA,NA,NA,NA,NA,NA,NA,NA
"251327","Phaethornis","striigularis","subrufescens","Stripe-throated Hermit","Niels Krabbe","Ecuador","Pichincha: Río Guaycuyacu","0.217","-78.89","song","//www.xeno-canto.org/251327/download","//creativecommons.org/licenses/by-sa/4.0/","//www.xeno-canto.org/251327","A","?","2012-01-16","520","//www.xeno-canto.org/sounds/uploaded/XTVEPHMPPJ/ffts/XC251327-small.png","//www.xeno-canto.org/sounds/uploaded/XTVEPHMPPJ/ffts/XC251327-med.png","//www.xeno-canto.org/sounds/uploaded/XTVEPHMPPJ/ffts/XC251327-large.png","//www.xeno-canto.org/sounds/uploaded/XTVEPHMPPJ/ffts/XC251327-full.png","2:33","2015-06-07","","Lek. Birds singing less than 1 m from the ground. Orchard and wet forest","yes","no",NA,NA,NA,NA,NA,NA,NA,NA
"238810","Phaethornis","striigularis","subrufescens","Stripe-throated Hermit","Niels Krabbe","Ecuador","Los Ríos: 'Río Palenque Science Center'","-0.593","-79.363","song","//www.xeno-canto.org/238810/download","//creativecommons.org/licenses/by-nc-sa/3.0/","//www.xeno-canto.org/238810","A","7:55","1998-01-07","300","//www.xeno-canto.org/sounds/uploaded/XTVEPHMPPJ/ffts/XC238810-small.png","//www.xeno-canto.org/sounds/uploaded/XTVEPHMPPJ/ffts/XC238810-med.png","//www.xeno-canto.org/sounds/uploaded/XTVEPHMPPJ/ffts/XC238810-large.png","//www.xeno-canto.org/sounds/uploaded/XTVEPHMPPJ/ffts/XC238810-full.png","1:03","2015-05-01","","Humid forest. Reference: CLXXIB 64-84 Marantz counter (Phastr2). Krabbe & Nilsson (2003) (ISBN 90-75838-06-9).","no","no",NA,NA,NA,NA,NA,NA,NA,NA
"238809","Phaethornis","striigularis","subrufescens","Stripe-throated Hermit","Niels Krabbe","Ecuador","Los Ríos: 'Río Palenque Science Center'","-0.593","-79.363","song","//www.xeno-canto.org/238809/download","//creativecommons.org/licenses/by-nc-sa/3.0/","//www.xeno-canto.org/238809","A","9:00","1992-09-18","300","//www.xeno-canto.org/sounds/uploaded/XTVEPHMPPJ/ffts/XC238809-small.png","//www.xeno-canto.org/sounds/uploaded/XTVEPHMPPJ/ffts/XC238809-med.png","//www.xeno-canto.org/sounds/uploaded/XTVEPHMPPJ/ffts/XC238809-large.png","//www.xeno-canto.org/sounds/uploaded/XTVEPHMPPJ/ffts/XC238809-full.png","0:10","2015-05-01","","Humid lowland rainforest. Reference: LVIIB 366-369 (Phastr1). Krabbe & Nilsson (2003) (ISBN 90-75838-06-9).","yes","no",NA,NA,NA,NA,NA,NA,NA,NA
"227607","Phaethornis","striigularis","","Stripe-throated Hermit","Peter Boesman","Mexico","Bonampak, Chiapas","16.7","-91.0833333333","flight call","//www.xeno-canto.org/227607/download","//creativecommons.org/licenses/by-nc-nd/4.0/","//www.xeno-canto.org/227607","A","08:15","2003-04-09","?","//www.xeno-canto.org/sounds/uploaded/OOECIWCSWV/ffts/XC227607-small.png","//www.xeno-canto.org/sounds/uploaded/OOECIWCSWV/ffts/XC227607-med.png","//www.xeno-canto.org/sounds/uploaded/OOECIWCSWV/ffts/XC227607-large.png","//www.xeno-canto.org/sounds/uploaded/OOECIWCSWV/ffts/XC227607-full.png","0:04","2015-03-23","","ID certainty 100%. (Archiv. tape 163 side A track 5 seq. B)","unknown","unknown",NA,NA,NA,NA,NA,NA,NA,NA
"227606","Phaethornis","striigularis","","Stripe-throated Hermit","Peter Boesman","Mexico","Bonampak, Chiapas","16.7","-91.0833333333","flight call","//www.xeno-canto.org/227606/download","//creativecommons.org/licenses/by-nc-nd/4.0/","//www.xeno-canto.org/227606","A","08:00","2003-04-09","?","//www.xeno-canto.org/sounds/uploaded/OOECIWCSWV/ffts/XC227606-small.png","//www.xeno-canto.org/sounds/uploaded/OOECIWCSWV/ffts/XC227606-med.png","//www.xeno-canto.org/sounds/uploaded/OOECIWCSWV/ffts/XC227606-large.png","//www.xeno-canto.org/sounds/uploaded/OOECIWCSWV/ffts/XC227606-full.png","0:05","2015-03-23","","ID certainty 100%. (Archiv. tape 163 side A track 1 seq. B)","unknown","unknown",NA,NA,NA,NA,NA,NA,NA,NA
"227600","Phaethornis","striigularis","","Stripe-throated Hermit","Peter Boesman","Mexico","Bonampak, Chiapas","16.7","-91.0833333333","song","//www.xeno-canto.org/227600/download","//creativecommons.org/licenses/by-nc-nd/4.0/","//www.xeno-canto.org/227600","A","08:45","2003-04-09","","//www.xeno-canto.org/sounds/uploaded/OOECIWCSWV/ffts/XC227600-small.png","//www.xeno-canto.org/sounds/uploaded/OOECIWCSWV/ffts/XC227600-med.png","//www.xeno-canto.org/sounds/uploaded/OOECIWCSWV/ffts/XC227600-large.png","//www.xeno-canto.org/sounds/uploaded/OOECIWCSWV/ffts/XC227600-full.png","0:27","2015-03-23","","ID certainty 100%. (Archiv. tape 163 side A track 9 seq. A)","unknown","unknown",NA,NA,NA,NA,NA,NA,NA,NA
"227599","Phaethornis","striigularis","","Stripe-throated Hermit","Peter Boesman","Mexico","Bonampak, Chiapas","16.7","-91.0833333333","song","//www.xeno-canto.org/227599/download","//creativecommons.org/licenses/by-nc-nd/4.0/","//www.xeno-canto.org/227599","A","08:30","2003-04-09","","//www.xeno-canto.org/sounds/uploaded/OOECIWCSWV/ffts/XC227599-small.png","//www.xeno-canto.org/sounds/uploaded/OOECIWCSWV/ffts/XC227599-med.png","//www.xeno-canto.org/sounds/uploaded/OOECIWCSWV/ffts/XC227599-large.png","//www.xeno-canto.org/sounds/uploaded/OOECIWCSWV/ffts/XC227599-full.png","0:42","2015-03-23","","ID certainty 100%. (Archiv. tape 163 side A track 8 seq. A)","unknown","unknown",NA,NA,NA,NA,NA,NA,NA,NA
"227598","Phaethornis","striigularis","","Stripe-throated Hermit","Peter Boesman","Venezuela","Serrania de San Luis, Falcon","11.2","-69.7","song","//www.xeno-canto.org/227598/download","//creativecommons.org/licenses/by-nc-nd/4.0/","//www.xeno-canto.org/227598","A","10:15","1995-04-30","1000 - 1600","//www.xeno-canto.org/sounds/uploaded/OOECIWCSWV/ffts/XC227598-small.png","//www.xeno-canto.org/sounds/uploaded/OOECIWCSWV/ffts/XC227598-med.png","//www.xeno-canto.org/sounds/uploaded/OOECIWCSWV/ffts/XC227598-large.png","//www.xeno-canto.org/sounds/uploaded/OOECIWCSWV/ffts/XC227598-full.png","0:13","2015-03-23","","ID certainty 100%. (Archiv. tape 17 side A track 41 seq. A)","unknown","unknown",NA,NA,NA,NA,NA,NA,NA,NA
"154074","Phaethornis","striigularis","","Stripe-throated Hermit","Marcelo Araya-Salas","Costa Rica","Las Brisas Nature Reserve. Pocora Siquirres","10.049733","-83.623685","song","//www.xeno-canto.org/154074/download","//creativecommons.org/licenses/by-nc-sa/3.0/","//www.xeno-canto.org/154074","A","7:22","2013-06-06","","//www.xeno-canto.org/sounds/uploaded/EMCWQLLKEW/ffts/XC154074-small.png","//www.xeno-canto.org/sounds/uploaded/EMCWQLLKEW/ffts/XC154074-med.png","//www.xeno-canto.org/sounds/uploaded/EMCWQLLKEW/ffts/XC154074-large.png","//www.xeno-canto.org/sounds/uploaded/EMCWQLLKEW/ffts/XC154074-full.png","2:46","2013-11-11","","Recording equipment: Marantz Pmd 660+senheisser ME62 with parabola 21 inches. Comments: next to a lek of long billed hermits. To access original .WAV file contact marceloa27(at)gmail.com","yes","no",NA,NA,NA,NA,NA,NA,NA,NA
"154073","Phaethornis","striigularis","","Stripe-throated Hermit","Marcelo Araya-Salas","Costa Rica","Las Brisas Nature Reserve. Pocora Siquirres","10.049733","-83.623685","song","//www.xeno-canto.org/154073/download","//creativecommons.org/licenses/by-nc-sa/3.0/","//www.xeno-canto.org/154073","A","8:54","2011-08-05","","//www.xeno-canto.org/sounds/uploaded/EMCWQLLKEW/ffts/XC154073-small.png","//www.xeno-canto.org/sounds/uploaded/EMCWQLLKEW/ffts/XC154073-med.png","//www.xeno-canto.org/sounds/uploaded/EMCWQLLKEW/ffts/XC154073-large.png","//www.xeno-canto.org/sounds/uploaded/EMCWQLLKEW/ffts/XC154073-full.png","4:47","2013-11-11","","Recording equipment: Marantz Pmd 660+senheisser ME62 with parabola 21 inches. Comments: next to a lek of long billed hermits. To access original .WAV file contact marceloa27(at)gmail.com","yes","no",NA,NA,NA,NA,NA,NA,NA,NA
"140774","Phaethornis","striigularis","uncertain","Stripe-throated Hermit","Nick Athanas","Colombia","El Valle, Chocó department","6.1145","-77.4246","call","//www.xeno-canto.org/140774/download","//creativecommons.org/licenses/by-nc-sa/3.0/","//www.xeno-canto.org/140774","A","10:23","2013-06-14","4030","//www.xeno-canto.org/sounds/uploaded/XRABICUARW/ffts/XC140774-small.png","//www.xeno-canto.org/sounds/uploaded/XRABICUARW/ffts/XC140774-med.png","//www.xeno-canto.org/sounds/uploaded/XRABICUARW/ffts/XC140774-large.png","//www.xeno-canto.org/sounds/uploaded/XRABICUARW/ffts/XC140774-full.png","0:33","2013-06-30","","Agitated calls from one bird in flight.","yes","no",NA,NA,NA,NA,NA,NA,NA,NA
"131935","Phaethornis","striigularis","","Stripe-throated Hermit","Mayron McKewy Mejía","Honduras","Totoca, San Luis, Santa Bárbara","15.0788","-88.4523","song","//www.xeno-canto.org/131935/download","//creativecommons.org/licenses/by-nc-sa/3.0/","//www.xeno-canto.org/131935","A","11:30","2012-08-05","800","//www.xeno-canto.org/sounds/uploaded/KALXBTRIFJ/ffts/XC131935-small.png","//www.xeno-canto.org/sounds/uploaded/KALXBTRIFJ/ffts/XC131935-med.png","//www.xeno-canto.org/sounds/uploaded/KALXBTRIFJ/ffts/XC131935-large.png","//www.xeno-canto.org/sounds/uploaded/KALXBTRIFJ/ffts/XC131935-full.png","0:16","2013-04-30","","Males doing lek","yes","no",NA,NA,NA,NA,NA,NA,NA,NA
"131932","Phaethornis","striigularis","","Stripe-throated Hermit","Mayron McKewy Mejía","Honduras","San Nicolás, Santa Bárbara","14.9985","-88.7311","song","//www.xeno-canto.org/131932/download","//creativecommons.org/licenses/by-nc-sa/3.0/","//www.xeno-canto.org/131932","A","08:00","2012-08-01","750","//www.xeno-canto.org/sounds/uploaded/KALXBTRIFJ/ffts/XC131932-small.png","//www.xeno-canto.org/sounds/uploaded/KALXBTRIFJ/ffts/XC131932-med.png","//www.xeno-canto.org/sounds/uploaded/KALXBTRIFJ/ffts/XC131932-large.png","//www.xeno-canto.org/sounds/uploaded/KALXBTRIFJ/ffts/XC131932-full.png","0:18","2013-04-30","","Males doing lek probably","no","no",NA,NA,NA,NA,NA,NA,NA,NA
"127185","Phaethornis","striigularis","","Stripe-throated Hermit","Mike Nelson","Guatemala","Tikal National Park, Peten","17.2226","-89.6237","call","//www.xeno-canto.org/127185/download","//creativecommons.org/licenses/by-nc-sa/3.0/","//www.xeno-canto.org/127185","A","14:40","2013-03-10","240","//www.xeno-canto.org/sounds/uploaded/PWDLINYMKL/ffts/XC127185-small.png","//www.xeno-canto.org/sounds/uploaded/PWDLINYMKL/ffts/XC127185-med.png","//www.xeno-canto.org/sounds/uploaded/PWDLINYMKL/ffts/XC127185-large.png","//www.xeno-canto.org/sounds/uploaded/PWDLINYMKL/ffts/XC127185-full.png","0:05","2013-03-25","","One of several seen feeding round these flowers while we were there. img:http://www.flickr.com/photos/madbirder/8557374431/in/set-72157632998567644","yes","no",NA,NA,NA,NA,NA,NA,NA,NA
"70884","Phaethornis","striigularis","","Stripe-throated Hermit","manuel Grosselet","Mexico","Parque Yaguarundi","18.12","-94.368","song","//www.xeno-canto.org/70884/download","//creativecommons.org/licenses/by-nc-nd/2.5/","//www.xeno-canto.org/70884","A","10:00 Am","2011-01-30","20","//www.xeno-canto.org/sounds/uploaded/ILUHRFXDNU/ffts/XC70884-small.png","//www.xeno-canto.org/sounds/uploaded/ILUHRFXDNU/ffts/XC70884-med.png","//www.xeno-canto.org/sounds/uploaded/ILUHRFXDNU/ffts/XC70884-large.png","//www.xeno-canto.org/sounds/uploaded/ILUHRFXDNU/ffts/XC70884-full.png","0:45","2011-01-30","","","unknown","unknown",NA,NA,NA,NA,NA,NA,NA,NA
"10386","Phaethornis","striigularis","","Stripe-throated Hermit","Wouter Halfwerk","Ecuador","Mindo, Pichincha","-0.0523","-78.7764","song","//www.xeno-canto.org/10386/download","//creativecommons.org/licenses/by-nc-nd/2.5/","//www.xeno-canto.org/10386","A","9:30","2006-05-10","1500","//www.xeno-canto.org/sounds/uploaded/DGHUWNTDBO/ffts/XC10386-small.png","//www.xeno-canto.org/sounds/uploaded/DGHUWNTDBO/ffts/XC10386-med.png","//www.xeno-canto.org/sounds/uploaded/DGHUWNTDBO/ffts/XC10386-large.png","//www.xeno-canto.org/sounds/uploaded/DGHUWNTDBO/ffts/XC10386-full.png","0:59","2008-11-20","","","unknown","unknown",NA,NA,NA,NA,NA,NA,NA,NA
"10385","Phaethornis","striigularis","","Stripe-throated Hermit","Wouter Halfwerk","Ecuador","Mindo, Pichincha","-0.0523","-78.7764","song","//www.xeno-canto.org/10385/download","//creativecommons.org/licenses/by-nc-nd/2.5/","//www.xeno-canto.org/10385","A","10:30","2006-05-10","1500","//www.xeno-canto.org/sounds/uploaded/DGHUWNTDBO/ffts/XC10385-small.png","//www.xeno-canto.org/sounds/uploaded/DGHUWNTDBO/ffts/XC10385-med.png","//www.xeno-canto.org/sounds/uploaded/DGHUWNTDBO/ffts/XC10385-large.png","//www.xeno-canto.org/sounds/uploaded/DGHUWNTDBO/ffts/XC10385-full.png","0:31","2008-11-20","","","unknown","unknown",NA,NA,NA,NA,NA,NA,NA,NA
"6611","Phaethornis","striigularis","subrufescens","Stripe-throated Hermit","Nick Athanas","Ecuador","Rio Palenque, Patricia Pilar, Pichincha","-0.5889","-79.3626","lekking","//www.xeno-canto.org/6611/download","//creativecommons.org/licenses/by-nc-sa/3.0/","//www.xeno-canto.org/6611","A","07:30","2001-07-30","250","//www.xeno-canto.org/sounds/uploaded/XRABICUARW/ffts/XC6611-small.png","//www.xeno-canto.org/sounds/uploaded/XRABICUARW/ffts/XC6611-med.png","//www.xeno-canto.org/sounds/uploaded/XRABICUARW/ffts/XC6611-large.png","//www.xeno-canto.org/sounds/uploaded/XRABICUARW/ffts/XC6611-full.png","0:23","2008-11-20",NA,"Song from one bird at a lek.","unknown","unknown","Dysithamnus mentalis","Lepidocolaptes souleyetii","Hylophilus decurtatus","Querula purpurata",NA,NA,NA,NA
"5934","Phaethornis","striigularis","","Stripe-throated Hermit","Richard C. Hoyer","Costa Rica","Rancho Naturalista","9.832","-83.5639","song","//www.xeno-canto.org/5934/download","//creativecommons.org/licenses/by-nc-nd/2.5/","//www.xeno-canto.org/5934","A","7:00","2003-07-17","975","//www.xeno-canto.org/sounds/uploaded/SRRRBQPENI/ffts/XC5934-small.png","//www.xeno-canto.org/sounds/uploaded/SRRRBQPENI/ffts/XC5934-med.png","//www.xeno-canto.org/sounds/uploaded/SRRRBQPENI/ffts/XC5934-large.png","//www.xeno-canto.org/sounds/uploaded/SRRRBQPENI/ffts/XC5934-full.png","0:22","2008-11-20","","formerly known as Little Hermit. filtered","unknown","unknown",NA,NA,NA,NA,NA,NA,NA,NA
"486439","Phaethornis","striigularis","","Stripe-throated Hermit","Matt Wistrand","Honduras","Hotel & Restaurante El Rancho , Santa Cruz de Yojoa, Departamento de Cortés","15.0482","-87.8068","call","//www.xeno-canto.org/486439/download","//creativecommons.org/licenses/by-nc-sa/4.0/","//www.xeno-canto.org/486439","B","08:49","2019-07-05","600","//www.xeno-canto.org/sounds/uploaded/QZOXFIKPFF/ffts/XC486439-small.png","//www.xeno-canto.org/sounds/uploaded/QZOXFIKPFF/ffts/XC486439-med.png","//www.xeno-canto.org/sounds/uploaded/QZOXFIKPFF/ffts/XC486439-large.png","//www.xeno-canto.org/sounds/uploaded/QZOXFIKPFF/ffts/XC486439-full.png","0:04","2019-07-11","","","yes","no",NA,NA,NA,NA,NA,NA,NA,NA
"459993","Phaethornis","striigularis","","Stripe-throated Hermit","Kent Livezey","Panama","Río Mulaba, Santa Fe, Provincia de Veraguas","8.557","-81.1922","song, wing whirrs","//www.xeno-canto.org/459993/download","//creativecommons.org/licenses/by-nc-sa/4.0/","//www.xeno-canto.org/459993","B","07:01","2019-02-21","340","//www.xeno-canto.org/sounds/uploaded/SZFQBBYSTI/ffts/XC459993-small.png","//www.xeno-canto.org/sounds/uploaded/SZFQBBYSTI/ffts/XC459993-med.png","//www.xeno-canto.org/sounds/uploaded/SZFQBBYSTI/ffts/XC459993-large.png","//www.xeno-canto.org/sounds/uploaded/SZFQBBYSTI/ffts/XC459993-full.png","0:07","2019-03-04","","Four songs and wing whirrs.","yes","no",NA,NA,NA,NA,NA,NA,NA,NA
"400091","Phaethornis","striigularis","","Stripe-throated Hermit","Dan Lane","Mexico","San Juan Bautista Valle Nacional, San Juan Bautista Valle Nacional, Oaxaca","17.7712","-96.3349","call","//www.xeno-canto.org/400091/download","//creativecommons.org/licenses/by-nc-sa/4.0/","//www.xeno-canto.org/400091","B","09:00","2017-12-20","220","//www.xeno-canto.org/sounds/uploaded/WOEAFQRMUD/ffts/XC400091-small.png","//www.xeno-canto.org/sounds/uploaded/WOEAFQRMUD/ffts/XC400091-med.png","//www.xeno-canto.org/sounds/uploaded/WOEAFQRMUD/ffts/XC400091-large.png","//www.xeno-canto.org/sounds/uploaded/WOEAFQRMUD/ffts/XC400091-full.png","0:52","2018-01-21",NA,"Natural vocalizations from a bird perched (?) in understory of second growth scrub and edge along creek. Playback of Claravis pretiosa in background.","yes","no","Ramphocaenus melanurus","Leuconotopicus fumigatus",NA,NA,NA,NA,NA,NA
"400085","Phaethornis","striigularis","","Stripe-throated Hermit","Dan Lane","Mexico","San Juan Bautista Valle Nacional, San Juan Bautista Valle Nacional, Oaxaca","17.7712","-96.3349","flight call, song","//www.xeno-canto.org/400085/download","//creativecommons.org/licenses/by-nc-sa/4.0/","//www.xeno-canto.org/400085","B","08:00","2017-12-20","220","//www.xeno-canto.org/sounds/uploaded/WOEAFQRMUD/ffts/XC400085-small.png","//www.xeno-canto.org/sounds/uploaded/WOEAFQRMUD/ffts/XC400085-med.png","//www.xeno-canto.org/sounds/uploaded/WOEAFQRMUD/ffts/XC400085-large.png","//www.xeno-canto.org/sounds/uploaded/WOEAFQRMUD/ffts/XC400085-full.png","0:16","2018-01-21",NA,"First a flight call followed by natural song (at distance) from poorly-seen bird(s) low to ground at edge of humid tropical forest patch.","yes","no","Habia fuscicauda","Campephilus guatemalensis","Psarocolius montezuma","Myiozetetes similis",NA,NA,NA,NA
"335803","Phaethornis","striigularis","saturatus","Stripe-throated Hermit","Richard E. Webster","Mexico","Reserva de la Biosfera Selva el Ocote,Chiapas","16.9303","-93.4612","lek calls, song","//www.xeno-canto.org/335803/download","//creativecommons.org/licenses/by-nc-sa/4.0/","//www.xeno-canto.org/335803","B","10:27","2015-03-20","800","//www.xeno-canto.org/sounds/uploaded/KZYUWIRZVH/ffts/XC335803-small.png","//www.xeno-canto.org/sounds/uploaded/KZYUWIRZVH/ffts/XC335803-med.png","//www.xeno-canto.org/sounds/uploaded/KZYUWIRZVH/ffts/XC335803-large.png","//www.xeno-canto.org/sounds/uploaded/KZYUWIRZVH/ffts/XC335803-full.png","0:55","2016-09-23","","ID presumed, but strong circumstantial evidence (like birds right around the thicket)","no","no",NA,NA,NA,NA,NA,NA,NA,NA
"321623","Phaethornis","striigularis","striigularis","Stripe-throated Hermit","Guy Kirwan","Colombia","RNA El Paujil, Serrania de las Quinchas,Santander, Colombia","5.9334","-74.1834","song","//www.xeno-canto.org/321623/download","//creativecommons.org/licenses/by-nc-sa/4.0/","//www.xeno-canto.org/321623","B","08:30","2014-09-14","240","//www.xeno-canto.org/sounds/uploaded/BZVYBRUAAE/ffts/XC321623-small.png","//www.xeno-canto.org/sounds/uploaded/BZVYBRUAAE/ffts/XC321623-med.png","//www.xeno-canto.org/sounds/uploaded/BZVYBRUAAE/ffts/XC321623-large.png","//www.xeno-canto.org/sounds/uploaded/BZVYBRUAAE/ffts/XC321623-full.png","0:59","2016-06-15","","","yes","no",NA,NA,NA,NA,NA,NA,NA,NA
"308314","Phaethornis","striigularis","","Stripe-throated Hermit","Orlando Jarquín G.","Nicaragua","Estación Biológica UCA. Jinotega","13.166","-85.8629","female, male, song","//www.xeno-canto.org/308314/download","//creativecommons.org/licenses/by-nc-sa/4.0/","//www.xeno-canto.org/308314","B","07:30","2015-11-22","1200","//www.xeno-canto.org/sounds/uploaded/FJVXXGLFTR/ffts/XC308314-small.png","//www.xeno-canto.org/sounds/uploaded/FJVXXGLFTR/ffts/XC308314-med.png","//www.xeno-canto.org/sounds/uploaded/FJVXXGLFTR/ffts/XC308314-large.png","//www.xeno-canto.org/sounds/uploaded/FJVXXGLFTR/ffts/XC308314-full.png","0:37","2016-03-24","","Santa Maura","yes","no",NA,NA,NA,NA,NA,NA,NA,NA
"282415","Phaethornis","striigularis","","Stripe-throated Hermit","Jorge Enrique Avendaño","Colombia","quebrada la Tambora, Predio Los Andes, Vereda Honduras, Municipio de Rionegro, Santander","7.2724","-73.0973","song","//www.xeno-canto.org/282415/download","//creativecommons.org/licenses/by-nc-sa/4.0/","//www.xeno-canto.org/282415","B","10:00","2007-05-11","1750","//www.xeno-canto.org/sounds/uploaded/KYUFWYBYJY/ffts/XC282415-small.png","//www.xeno-canto.org/sounds/uploaded/KYUFWYBYJY/ffts/XC282415-med.png","//www.xeno-canto.org/sounds/uploaded/KYUFWYBYJY/ffts/XC282415-large.png","//www.xeno-canto.org/sounds/uploaded/KYUFWYBYJY/ffts/XC282415-full.png","1:06","2015-09-24","","Individual singing inside dense bush","no","no",NA,NA,NA,NA,NA,NA,NA,NA
"275253","Phaethornis","striigularis","subrufescens","Stripe-throated Hermit","Patricio Mena Valenzuela","Ecuador","Esmeraldas: San Miguel, Río Cayapas","0.75","-78.917","display song at lek","//www.xeno-canto.org/275253/download","//creativecommons.org/licenses/by-nc-sa/4.0/","//www.xeno-canto.org/275253","B","?","1997-04-00","70","//www.xeno-canto.org/sounds/uploaded/WQDBTPZFRV/ffts/XC275253-small.png","//www.xeno-canto.org/sounds/uploaded/WQDBTPZFRV/ffts/XC275253-med.png","//www.xeno-canto.org/sounds/uploaded/WQDBTPZFRV/ffts/XC275253-large.png","//www.xeno-canto.org/sounds/uploaded/WQDBTPZFRV/ffts/XC275253-full.png","0:21","2015-08-28",NA,"<a href=http://johnvmoorenaturerecordings.com/pubs/ECUAD/main.htm>Moore et al. 2013: Bird Sounds of Ecuador DVD </a>","unknown","no","Melanerpes pucherani","Myiozetetes cayanensis","Cercomacroides tyrannina",NA,NA,NA,NA,NA
"271502","Phaethornis","striigularis","","Stripe-throated Hermit","Peter Boesman","Panama","Volcán lakes area","8.765893","-82.674623","song","//www.xeno-canto.org/271502/download","//creativecommons.org/licenses/by-nc-nd/4.0/","//www.xeno-canto.org/271502","B","7:00","2015-03-01","","//www.xeno-canto.org/sounds/uploaded/OOECIWCSWV/ffts/XC271502-small.png","//www.xeno-canto.org/sounds/uploaded/OOECIWCSWV/ffts/XC271502-med.png","//www.xeno-canto.org/sounds/uploaded/OOECIWCSWV/ffts/XC271502-large.png","//www.xeno-canto.org/sounds/uploaded/OOECIWCSWV/ffts/XC271502-full.png","0:24","2015-08-26","","","unknown","unknown",NA,NA,NA,NA,NA,NA,NA,NA
"251624","Phaethornis","striigularis","","Stripe-throated Hermit","Niels Krabbe","Ecuador","Pichincha: Río Guaycuyacu","0.217","-78.89","song","//www.xeno-canto.org/251624/download","//creativecommons.org/licenses/by-sa/4.0/","//www.xeno-canto.org/251624","B","07:40","2004-02-23","515","//www.xeno-canto.org/sounds/uploaded/XTVEPHMPPJ/ffts/XC251624-small.png","//www.xeno-canto.org/sounds/uploaded/XTVEPHMPPJ/ffts/XC251624-med.png","//www.xeno-canto.org/sounds/uploaded/XTVEPHMPPJ/ffts/XC251624-large.png","//www.xeno-canto.org/sounds/uploaded/XTVEPHMPPJ/ffts/XC251624-full.png","1:46","2015-06-08","Lophotriccus pileatus","Orchard in humid forest","yes","no",NA,NA,NA,NA,NA,NA,NA,NA
"227609","Phaethornis","striigularis","","Stripe-throated Hermit","Peter Boesman","Mexico","Bonampak, Chiapas","16.7","-91.0833333333","song","//www.xeno-canto.org/227609/download","//creativecommons.org/licenses/by-nc-nd/4.0/","//www.xeno-canto.org/227609","B","08:30","2003-04-09","","//www.xeno-canto.org/sounds/uploaded/OOECIWCSWV/ffts/XC227609-small.png","//www.xeno-canto.org/sounds/uploaded/OOECIWCSWV/ffts/XC227609-med.png","//www.xeno-canto.org/sounds/uploaded/OOECIWCSWV/ffts/XC227609-large.png","//www.xeno-canto.org/sounds/uploaded/OOECIWCSWV/ffts/XC227609-full.png","0:12","2015-03-23","","ID certainty 100%. (Archiv. tape 163 side A track 7 seq. A)","unknown","unknown",NA,NA,NA,NA,NA,NA,NA,NA
"227605","Phaethornis","striigularis","","Stripe-throated Hermit","Peter Boesman","Mexico","Bonampak, Chiapas","16.7","-91.0833333333","song","//www.xeno-canto.org/227605/download","//creativecommons.org/licenses/by-nc-nd/4.0/","//www.xeno-canto.org/227605","B","08:15","2003-04-09","","//www.xeno-canto.org/sounds/uploaded/OOECIWCSWV/ffts/XC227605-small.png","//www.xeno-canto.org/sounds/uploaded/OOECIWCSWV/ffts/XC227605-med.png","//www.xeno-canto.org/sounds/uploaded/OOECIWCSWV/ffts/XC227605-large.png","//www.xeno-canto.org/sounds/uploaded/OOECIWCSWV/ffts/XC227605-full.png","0:37","2015-03-23","","ID certainty 100%. (Archiv. tape 163 side A track 5 seq. A)","unknown","unknown",NA,NA,NA,NA,NA,NA,NA,NA
"216474","Phaethornis","striigularis","","Stripe-throated Hermit","Max Noack","Guatemala","Finca Las Nubes, Alta Verapaz","15.6124","-90.3781","lekking","//www.xeno-canto.org/216474/download","//creativecommons.org/licenses/by-nc-sa/4.0/","//www.xeno-canto.org/216474","B","09:00","2014-03-09","900","//www.xeno-canto.org/sounds/uploaded/NYTGVXSILH/ffts/XC216474-small.png","//www.xeno-canto.org/sounds/uploaded/NYTGVXSILH/ffts/XC216474-med.png","//www.xeno-canto.org/sounds/uploaded/NYTGVXSILH/ffts/XC216474-large.png","//www.xeno-canto.org/sounds/uploaded/NYTGVXSILH/ffts/XC216474-full.png","0:14","2015-03-11","","","yes","no",NA,NA,NA,NA,NA,NA,NA,NA
"212373","Phaethornis","striigularis","","Stripe-throated Hermit","Manuel Espejo","Colombia","Hotel Tinamú Birding Nature Reserve","5.0791","-75.6852","call, male","//www.xeno-canto.org/212373/download","//creativecommons.org/licenses/by-nc-sa/4.0/","//www.xeno-canto.org/212373","B","15:00","2015-01-21","1248","//www.xeno-canto.org/sounds/uploaded/XJHIYGZYTI/ffts/XC212373-small.png","//www.xeno-canto.org/sounds/uploaded/XJHIYGZYTI/ffts/XC212373-med.png","//www.xeno-canto.org/sounds/uploaded/XJHIYGZYTI/ffts/XC212373-large.png","//www.xeno-canto.org/sounds/uploaded/XJHIYGZYTI/ffts/XC212373-full.png","1:00","2015-02-06","","Inside scrubs, 2 meters from the main road to the Hotel.","yes","no",NA,NA,NA,NA,NA,NA,NA,NA
"174340","Phaethornis","striigularis","","Stripe-throated Hermit","Tim Avery","Panama","Antón, Cocle","8.6614","-80.1248","song","//www.xeno-canto.org/174340/download","//creativecommons.org/licenses/by-nc-sa/4.0/","//www.xeno-canto.org/174340","B","14:00","2014-03-25","800","//www.xeno-canto.org/sounds/uploaded/TCWCZRTBCF/ffts/XC174340-small.png","//www.xeno-canto.org/sounds/uploaded/TCWCZRTBCF/ffts/XC174340-med.png","//www.xeno-canto.org/sounds/uploaded/TCWCZRTBCF/ffts/XC174340-large.png","//www.xeno-canto.org/sounds/uploaded/TCWCZRTBCF/ffts/XC174340-full.png","0:23","2014-04-13","","Birds at probable lek site.","no","no",NA,NA,NA,NA,NA,NA,NA,NA
"154027","Phaethornis","striigularis","","Stripe-throated Hermit","Marcelo Araya-Salas","Costa Rica","El Ceibo Station, Braulio Carrillo National Park","10.312152","-84.072501","song","//www.xeno-canto.org/154027/download","//creativecommons.org/licenses/by-nc-sa/3.0/","//www.xeno-canto.org/154027","B","?","2009-06-12","","//www.xeno-canto.org/sounds/uploaded/EMCWQLLKEW/ffts/XC154027-small.png","//www.xeno-canto.org/sounds/uploaded/EMCWQLLKEW/ffts/XC154027-med.png","//www.xeno-canto.org/sounds/uploaded/EMCWQLLKEW/ffts/XC154027-large.png","//www.xeno-canto.org/sounds/uploaded/EMCWQLLKEW/ffts/XC154027-full.png","2:03","2013-11-11","","Recording equipment: Marantz Pmd 660+sennheiser me66. Comments: . To access original .WAV file contact marceloa27(at)gmail.com","yes","no",NA,NA,NA,NA,NA,NA,NA,NA
"146498","Phaethornis","striigularis","","Stripe-throated Hermit","Sergio Chaparro-Herrera","Colombia","Yondó, Antioquia","6.7183","-74.3458","call","//www.xeno-canto.org/146498/download","//creativecommons.org/licenses/by-nc-sa/3.0/","//www.xeno-canto.org/146498","B","08:35","2012-12-15","120","//www.xeno-canto.org/sounds/uploaded/RJLERWCWGE/ffts/XC146498-small.png","//www.xeno-canto.org/sounds/uploaded/RJLERWCWGE/ffts/XC146498-med.png","//www.xeno-canto.org/sounds/uploaded/RJLERWCWGE/ffts/XC146498-large.png","//www.xeno-canto.org/sounds/uploaded/RJLERWCWGE/ffts/XC146498-full.png","0:35","2013-08-27","","","yes","no",NA,NA,NA,NA,NA,NA,NA,NA
"122712","Phaethornis","striigularis","","Stripe-throated Hermit","Ottavio Janni","Colombia","El Paujil ProAves Reserve, Santander","6.0498","-74.2614","call, song","//www.xeno-canto.org/122712/download","//creativecommons.org/licenses/by-nc-sa/3.0/","//www.xeno-canto.org/122712","B","11:00","2013-01-29","190","//www.xeno-canto.org/sounds/uploaded/PWMAZXONXH/ffts/XC122712-small.png","//www.xeno-canto.org/sounds/uploaded/PWMAZXONXH/ffts/XC122712-med.png","//www.xeno-canto.org/sounds/uploaded/PWMAZXONXH/ffts/XC122712-large.png","//www.xeno-canto.org/sounds/uploaded/PWMAZXONXH/ffts/XC122712-full.png","0:53","2013-02-25","","Song from a bird at a lek","yes","no",NA,NA,NA,NA,NA,NA,NA,NA
"107208","Phaethornis","striigularis","saturatus","Stripe-throated Hermit","Mike Nelson","Costa Rica","Las Esquinas Rainforest Lodge, Puntarenas","8.6759","-83.2051","call","//www.xeno-canto.org/107208/download","//creativecommons.org/licenses/by-nc-nd/2.5/","//www.xeno-canto.org/107208","B","3:30pm","2012-07-03","150","//www.xeno-canto.org/sounds/uploaded/PWDLINYMKL/ffts/XC107208-small.png","//www.xeno-canto.org/sounds/uploaded/PWDLINYMKL/ffts/XC107208-med.png","//www.xeno-canto.org/sounds/uploaded/PWDLINYMKL/ffts/XC107208-large.png","//www.xeno-canto.org/sounds/uploaded/PWDLINYMKL/ffts/XC107208-full.png","0:17","2012-08-09",NA,"A hermit was seen here chasing another from heliconia flowers but not 100% sure on ID","yes","no","Trogon massena","Leptotila cassinii",NA,NA,NA,NA,NA,NA
"107207","Phaethornis","striigularis","saturatus","Stripe-throated Hermit","Mike Nelson","Costa Rica","Las Esquinas Rainforest Lodge, Puntarenas","8.6759","-83.2051","song","//www.xeno-canto.org/107207/download","//creativecommons.org/licenses/by-nc-nd/2.5/","//www.xeno-canto.org/107207","B","3:30pm","2012-07-03","150","//www.xeno-canto.org/sounds/uploaded/PWDLINYMKL/ffts/XC107207-small.png","//www.xeno-canto.org/sounds/uploaded/PWDLINYMKL/ffts/XC107207-med.png","//www.xeno-canto.org/sounds/uploaded/PWDLINYMKL/ffts/XC107207-large.png","//www.xeno-canto.org/sounds/uploaded/PWDLINYMKL/ffts/XC107207-full.png","0:36","2012-08-09",NA,"","yes","no","Momotus lessonii","Poliocrania exsul",NA,NA,NA,NA,NA,NA
"102605","Phaethornis","striigularis","","Stripe-throated Hermit","Fabrice Schmitt","Colombia","El Paujil ProAves reserve","6.0462","-74.282","lek","//www.xeno-canto.org/102605/download","//creativecommons.org/licenses/by-nc-nd/2.5/","//www.xeno-canto.org/102605","B","9:00 AM","2010-04-15","250","//www.xeno-canto.org/sounds/uploaded/FPAGKPAQYO/ffts/XC102605-small.png","//www.xeno-canto.org/sounds/uploaded/FPAGKPAQYO/ffts/XC102605-med.png","//www.xeno-canto.org/sounds/uploaded/FPAGKPAQYO/ffts/XC102605-large.png","//www.xeno-canto.org/sounds/uploaded/FPAGKPAQYO/ffts/XC102605-full.png","0:28","2012-05-30","","without playback","unknown","unknown",NA,NA,NA,NA,NA,NA,NA,NA
"98208","Phaethornis","striigularis","subrufescens","Stripe-throated Hermit","Scott Olmstead","Ecuador","Rio Palenque, Patricia Pilar, Los Rios","-0.5889","-79.3626","song","//www.xeno-canto.org/98208/download","//creativecommons.org/licenses/by-nc-nd/2.5/","//www.xeno-canto.org/98208","B","10:15","2008-07-21","150","//www.xeno-canto.org/sounds/uploaded/DABODLPUPA/ffts/XC98208-small.png","//www.xeno-canto.org/sounds/uploaded/DABODLPUPA/ffts/XC98208-med.png","//www.xeno-canto.org/sounds/uploaded/DABODLPUPA/ffts/XC98208-large.png","//www.xeno-canto.org/sounds/uploaded/DABODLPUPA/ffts/XC98208-full.png","0:40","2012-04-06",NA,"Singing from low perch at dispersed lek site in forest interior.","unknown","unknown","Leptotila pallida","Ramphocaenus melanurus","Taraba major",NA,NA,NA,NA,NA
"72459","Phaethornis","striigularis","saturatus","Stripe-throated Hermit","Andrew Spencer","Costa Rica","Quebrada Gonzalez, Braulio Carrillo NP, Limon","10.1609","-83.9378","flight call","//www.xeno-canto.org/72459/download","//creativecommons.org/licenses/by-nc-nd/2.5/","//www.xeno-canto.org/72459","B","09:30","2011-02-10","450","//www.xeno-canto.org/sounds/uploaded/CDTGHVBGZP/ffts/XC72459-small.png","//www.xeno-canto.org/sounds/uploaded/CDTGHVBGZP/ffts/XC72459-med.png","//www.xeno-canto.org/sounds/uploaded/CDTGHVBGZP/ffts/XC72459-large.png","//www.xeno-canto.org/sounds/uploaded/CDTGHVBGZP/ffts/XC72459-full.png","0:03","2011-02-28","","call given from a bird flying away from me","unknown","unknown",NA,NA,NA,NA,NA,NA,NA,NA
"70699","Phaethornis","striigularis","","Stripe-throated Hermit","Patrice Adret","Costa Rica","Puerto Viejo, Limon, Costa Rica","9.638","-82.715","song","//www.xeno-canto.org/70699/download","//creativecommons.org/licenses/by-nc-nd/2.5/","//www.xeno-canto.org/70699","B","?","2009-08-16","25","//www.xeno-canto.org/sounds/uploaded/LWUNWNGTQN/ffts/XC70699-small.png","//www.xeno-canto.org/sounds/uploaded/LWUNWNGTQN/ffts/XC70699-med.png","//www.xeno-canto.org/sounds/uploaded/LWUNWNGTQN/ffts/XC70699-large.png","//www.xeno-canto.org/sounds/uploaded/LWUNWNGTQN/ffts/XC70699-full.png","0:48","2011-01-28","","perched song. Listen to the very high-pitched sounds. Tail waves up and down during singing, tongue is protruding at times, head moving back-and-forth sideways. Filmed event.","unknown","unknown",NA,NA,NA,NA,NA,NA,NA,NA
"60722","Phaethornis","striigularis","","Stripe-throated Hermit","Ken Allaire","Panama","Cana, Darien Province","7.8437","-77.6278","lekking calls","//www.xeno-canto.org/60722/download","//creativecommons.org/licenses/by-nc-nd/2.5/","//www.xeno-canto.org/60722","B","8:00","2009-06-22","600","//www.xeno-canto.org/sounds/uploaded/AEWPPXBBYE/ffts/XC60722-small.png","//www.xeno-canto.org/sounds/uploaded/AEWPPXBBYE/ffts/XC60722-med.png","//www.xeno-canto.org/sounds/uploaded/AEWPPXBBYE/ffts/XC60722-large.png","//www.xeno-canto.org/sounds/uploaded/AEWPPXBBYE/ffts/XC60722-full.png","0:45","2010-08-22","","Several birds on a lek","unknown","unknown",NA,NA,NA,NA,NA,NA,NA,NA
"15569","Phaethornis","striigularis","","Stripe-throated Hermit","Don Jones","Costa Rica","River Trail, Estacion Biologica Las Cruces, Puntaneras",NA,NA,"lekking song","//www.xeno-canto.org/15569/download","//creativecommons.org/licenses/by-nc-nd/2.5/","//www.xeno-canto.org/15569","B","?","1993-11-26","1100","//www.xeno-canto.org/sounds/uploaded/BCWZQTGMSO/ffts/XC15569-small.png","//www.xeno-canto.org/sounds/uploaded/BCWZQTGMSO/ffts/XC15569-med.png","//www.xeno-canto.org/sounds/uploaded/BCWZQTGMSO/ffts/XC15569-large.png","//www.xeno-canto.org/sounds/uploaded/BCWZQTGMSO/ffts/XC15569-full.png","0:31","2008-11-20","","","unknown","unknown",NA,NA,NA,NA,NA,NA,NA,NA
"11678","Phaethornis","striigularis","","Stripe-throated Hermit","J.M. Zolotof","Nicaragua","Mombacho","11.8426","-85.982","Song","//www.xeno-canto.org/11678/download","//creativecommons.org/licenses/by-nc-nd/2.5/","//www.xeno-canto.org/11678","B","07:00","2002-10-10","900","//www.xeno-canto.org/sounds/uploaded/BHRXQZEQFL/ffts/XC11678-small.png","//www.xeno-canto.org/sounds/uploaded/BHRXQZEQFL/ffts/XC11678-med.png","//www.xeno-canto.org/sounds/uploaded/BHRXQZEQFL/ffts/XC11678-large.png","//www.xeno-canto.org/sounds/uploaded/BHRXQZEQFL/ffts/XC11678-full.png","0:28","2008-11-20","","","unknown","unknown",NA,NA,NA,NA,NA,NA,NA,NA
"2261","Phaethornis","striigularis","saturatus","Stripe-throated Hermit","Don Jones","Belize","Hidden Valley Inn-Motmot Trail",NA,NA,"song","//www.xeno-canto.org/2261/download","//creativecommons.org/licenses/by-nc-nd/2.5/","//www.xeno-canto.org/2261","B","?","2000-03-20","?","//www.xeno-canto.org/sounds/uploaded/BCWZQTGMSO/ffts/XC2261-small.png","//www.xeno-canto.org/sounds/uploaded/BCWZQTGMSO/ffts/XC2261-med.png","//www.xeno-canto.org/sounds/uploaded/BCWZQTGMSO/ffts/XC2261-large.png","//www.xeno-canto.org/sounds/uploaded/BCWZQTGMSO/ffts/XC2261-full.png","0:09","2008-11-20","","","unknown","unknown",NA,NA,NA,NA,NA,NA,NA,NA
"490056","Phaethornis","striigularis","","Stripe-throated Hermit","GABRIEL LEITE","Costa Rica","Puntarenas","8.5194","-83.4071","flight call","//www.xeno-canto.org/490056/download","//creativecommons.org/licenses/by-nc-sa/4.0/","//www.xeno-canto.org/490056","C","06:30","2019-07-26","260","//www.xeno-canto.org/sounds/uploaded/TGBFXDVERJ/ffts/XC490056-small.png","//www.xeno-canto.org/sounds/uploaded/TGBFXDVERJ/ffts/XC490056-med.png","//www.xeno-canto.org/sounds/uploaded/TGBFXDVERJ/ffts/XC490056-large.png","//www.xeno-canto.org/sounds/uploaded/TGBFXDVERJ/ffts/XC490056-full.png","0:11","2019-08-02","","","yes","no",NA,NA,NA,NA,NA,NA,NA,NA
"489613","Phaethornis","striigularis","","Stripe-throated Hermit","GABRIEL LEITE","Costa Rica","La Selva, Sarapiqui, Heredia","10.4314","-84.039","flight call","//www.xeno-canto.org/489613/download","//creativecommons.org/licenses/by-nc-sa/4.0/","//www.xeno-canto.org/489613","C","07:00","2019-07-19","70","//www.xeno-canto.org/sounds/uploaded/TGBFXDVERJ/ffts/XC489613-small.png","//www.xeno-canto.org/sounds/uploaded/TGBFXDVERJ/ffts/XC489613-med.png","//www.xeno-canto.org/sounds/uploaded/TGBFXDVERJ/ffts/XC489613-large.png","//www.xeno-canto.org/sounds/uploaded/TGBFXDVERJ/ffts/XC489613-full.png","0:18","2019-07-31","","","yes","no",NA,NA,NA,NA,NA,NA,NA,NA
"349764","Phaethornis","striigularis","","Stripe-throated Hermit","Max Noack","Guatemala","Tikal National Park, Peten","17.222","-89.625","lekking","//www.xeno-canto.org/349764/download","//creativecommons.org/licenses/by-nc-sa/4.0/","//www.xeno-canto.org/349764","C","15:00","2016-12-18","300","//www.xeno-canto.org/sounds/uploaded/NYTGVXSILH/ffts/XC349764-small.png","//www.xeno-canto.org/sounds/uploaded/NYTGVXSILH/ffts/XC349764-med.png","//www.xeno-canto.org/sounds/uploaded/NYTGVXSILH/ffts/XC349764-large.png","//www.xeno-canto.org/sounds/uploaded/NYTGVXSILH/ffts/XC349764-full.png","0:40","2017-01-10","","","no","no",NA,NA,NA,NA,NA,NA,NA,NA
"227610","Phaethornis","striigularis","","Stripe-throated Hermit","Peter Boesman","Mexico","Raudales road, Chiapas","16.9166666667","-93.8","song","//www.xeno-canto.org/227610/download","//creativecommons.org/licenses/by-nc-nd/4.0/","//www.xeno-canto.org/227610","C","09:00","2003-04-14","","//www.xeno-canto.org/sounds/uploaded/OOECIWCSWV/ffts/XC227610-small.png","//www.xeno-canto.org/sounds/uploaded/OOECIWCSWV/ffts/XC227610-med.png","//www.xeno-canto.org/sounds/uploaded/OOECIWCSWV/ffts/XC227610-large.png","//www.xeno-canto.org/sounds/uploaded/OOECIWCSWV/ffts/XC227610-full.png","0:16","2015-03-23","","ID certainty 80%. (Archiv. tape 167 side A track 10 seq. A)","unknown","unknown",NA,NA,NA,NA,NA,NA,NA,NA
"203135","Phaethornis","striigularis","","Stripe-throated Hermit","Jeisson Poveda","Colombia","Hotel Tinamú Birding Nature Reserve","5.0791","-75.6852","call","//www.xeno-canto.org/203135/download","//creativecommons.org/licenses/by-nc-sa/4.0/","//www.xeno-canto.org/203135","C","16:30","2014-10-21","1000","//www.xeno-canto.org/sounds/uploaded/CVJNYXJFAW/ffts/XC203135-small.png","//www.xeno-canto.org/sounds/uploaded/CVJNYXJFAW/ffts/XC203135-med.png","//www.xeno-canto.org/sounds/uploaded/CVJNYXJFAW/ffts/XC203135-large.png","//www.xeno-canto.org/sounds/uploaded/CVJNYXJFAW/ffts/XC203135-full.png","0:38","2014-11-21","","","yes","no",NA,NA,NA,NA,NA,NA,NA,NA
"185339","Phaethornis","striigularis","","Stripe-throated Hermit","Oliver Komar","Honduras","Panacam Lodge, Parque Nacional Cerro Azul Meambar, Cortés","14.875","-87.9063","flight call","//www.xeno-canto.org/185339/download","//creativecommons.org/licenses/by-nc-sa/4.0/","//www.xeno-canto.org/185339","C","06:30","2013-09-28","750","//www.xeno-canto.org/sounds/uploaded/XNQLEKWJLU/ffts/XC185339-small.png","//www.xeno-canto.org/sounds/uploaded/XNQLEKWJLU/ffts/XC185339-med.png","//www.xeno-canto.org/sounds/uploaded/XNQLEKWJLU/ffts/XC185339-large.png","//www.xeno-canto.org/sounds/uploaded/XNQLEKWJLU/ffts/XC185339-full.png","0:20","2014-07-06","Habia rubica","Flight call of the hermit can be heard at 0:17.  Other vocalizations are song and calls of Habia rubica.","yes","no",NA,NA,NA,NA,NA,NA,NA,NA
"128472","Phaethornis","striigularis","","Stripe-throated Hermit","Oscar H. Marín-Gómez","Colombia","Reserva Natural La Montaña del Ocaso, Quimbaya, Quindío","4.6197","-75.851","call","//www.xeno-canto.org/128472/download","//creativecommons.org/licenses/by-nc-sa/3.0/","//www.xeno-canto.org/128472","C","07:30","2010-04-25","1000","//www.xeno-canto.org/sounds/uploaded/CSUHASNRSU/ffts/XC128472-small.png","//www.xeno-canto.org/sounds/uploaded/CSUHASNRSU/ffts/XC128472-med.png","//www.xeno-canto.org/sounds/uploaded/CSUHASNRSU/ffts/XC128472-large.png","//www.xeno-canto.org/sounds/uploaded/CSUHASNRSU/ffts/XC128472-full.png","0:06","2013-04-04","","un individuo en vuelo en guadual","yes","no",NA,NA,NA,NA,NA,NA,NA,NA
"92893","Phaethornis","striigularis","","Stripe-throated Hermit","Tom Stevens","Costa Rica","TCU Research Station","10.2501","-84.5501","Song","//www.xeno-canto.org/92893/download","//creativecommons.org/licenses/by-nc-nd/2.5/","//www.xeno-canto.org/92893","C","11:15","2011-03-16","700","//www.xeno-canto.org/sounds/uploaded/IOGJYLJODK/ffts/XC92893-small.png","//www.xeno-canto.org/sounds/uploaded/IOGJYLJODK/ffts/XC92893-med.png","//www.xeno-canto.org/sounds/uploaded/IOGJYLJODK/ffts/XC92893-large.png","//www.xeno-canto.org/sounds/uploaded/IOGJYLJODK/ffts/XC92893-full.png","0:19","2012-01-15","","Right in the middle of a lek. Multiple individuals calling.","unknown","unknown",NA,NA,NA,NA,NA,NA,NA,NA
"83269","Phaethornis","striigularis","","Stripe-throated Hermit","Wouter Halfwerk","Panama","Pipeline Road, Colon","9.1667","-79.7667","call","//www.xeno-canto.org/83269/download","//creativecommons.org/licenses/by-nc-nd/2.5/","//www.xeno-canto.org/83269","C","8:00am","2011-06-29","50","//www.xeno-canto.org/sounds/uploaded/DGHUWNTDBO/ffts/XC83269-small.png","//www.xeno-canto.org/sounds/uploaded/DGHUWNTDBO/ffts/XC83269-med.png","//www.xeno-canto.org/sounds/uploaded/DGHUWNTDBO/ffts/XC83269-large.png","//www.xeno-canto.org/sounds/uploaded/DGHUWNTDBO/ffts/XC83269-full.png","0:00","2011-07-13","","","unknown","unknown",NA,NA,NA,NA,NA,NA,NA,NA
"10584","Phaethornis","striigularis","","Stripe-throated Hermit","Wouter Halfwerk","Ecuador","Mindo, Pichincha","-0.0523","-78.7764","lekking","//www.xeno-canto.org/10584/download","//creativecommons.org/licenses/by-nc-nd/2.5/","//www.xeno-canto.org/10584","C","10.00","2006-10-05","1400","//www.xeno-canto.org/sounds/uploaded/DGHUWNTDBO/ffts/XC10584-small.png","//www.xeno-canto.org/sounds/uploaded/DGHUWNTDBO/ffts/XC10584-med.png","//www.xeno-canto.org/sounds/uploaded/DGHUWNTDBO/ffts/XC10584-large.png","//www.xeno-canto.org/sounds/uploaded/DGHUWNTDBO/ffts/XC10584-full.png","0:40","2008-11-20","","","unknown","unknown",NA,NA,NA,NA,NA,NA,NA,NA
"99450","Phaethornis","striigularis","","Stripe-throated Hermit","Myornis","Colombia","Santa Cecilia, Serrania de San Lucas","7.9759","-74.2153","Call","//www.xeno-canto.org/99450/download","//creativecommons.org/licenses/by-nc-nd/2.5/","//www.xeno-canto.org/99450","E","15:00","2010-01-07","1550","//www.xeno-canto.org/sounds/uploaded/OXSIOLJJUP/ffts/XC99450-small.png","//www.xeno-canto.org/sounds/uploaded/OXSIOLJJUP/ffts/XC99450-med.png","//www.xeno-canto.org/sounds/uploaded/OXSIOLJJUP/ffts/XC99450-large.png","//www.xeno-canto.org/sounds/uploaded/OXSIOLJJUP/ffts/XC99450-full.png","0:14","2012-04-22","","Bird in the hand, some kind of distress or flight call.","unknown","unknown",NA,NA,NA,NA,NA,NA,NA,NA
"481352","Phaethornis","griseogularis","griseogularis","Grey-chinned Hermit","Rolf A. de By","Colombia","El Dorado Lodge, Santa Marta, Magdalena","11.1006","-74.0724","song","//www.xeno-canto.org/481352/download","//creativecommons.org/licenses/by-nc-sa/4.0/","//www.xeno-canto.org/481352","A","16:29","2019-06-02","1850","//www.xeno-canto.org/sounds/uploaded/PTYTXQRLSZ/ffts/XC481352-small.png","//www.xeno-canto.org/sounds/uploaded/PTYTXQRLSZ/ffts/XC481352-med.png","//www.xeno-canto.org/sounds/uploaded/PTYTXQRLSZ/ffts/XC481352-large.png","//www.xeno-canto.org/sounds/uploaded/PTYTXQRLSZ/ffts/XC481352-full.png","1:05","2019-06-15","","Assumed to be this species, though for some time a mystery to me.  At first believed to be an aberrant violetear song, but upon comparison with various hummer/hermit songs on XC, now believed to be GcH.   Two birds singing some 25 m apart from each other, neither individual found, even after prolonged search. 

I am not confident this species occurs in the Sierra Nevada de Santa Marta, but this is not the only recording of it at this location.","no","no",NA,NA,NA,NA,NA,NA,NA,NA
"257799","Phaethornis","griseogularis","griseogularis","Grey-chinned Hermit","John V. Moore","Ecuador","Napo: km 11.6 Narupa-Loreto road","-0.712","-77.741","flight call","//www.xeno-canto.org/257799/download","//creativecommons.org/licenses/by-nc-sa/4.0/","//www.xeno-canto.org/257799","A","?","2004-01-00","1275","//www.xeno-canto.org/sounds/uploaded/YKKDTZHLUU/ffts/XC257799-small.png","//www.xeno-canto.org/sounds/uploaded/YKKDTZHLUU/ffts/XC257799-med.png","//www.xeno-canto.org/sounds/uploaded/YKKDTZHLUU/ffts/XC257799-large.png","//www.xeno-canto.org/sounds/uploaded/YKKDTZHLUU/ffts/XC257799-full.png","0:07","2015-07-16","","<a href=http://johnvmoorenaturerecordings.com/pubs/ECUAD/main.htm>Moore et al. 2013: Bird Sounds of Ecuador DVD </a>Looped once","unknown","no",NA,NA,NA,NA,NA,NA,NA,NA
"257798","Phaethornis","griseogularis","griseogularis","Grey-chinned Hermit","John V. Moore","Ecuador","Napo: Río Hollín 17 road km NE Archidona","-0.894","-77.725","feeding calls","//www.xeno-canto.org/257798/download","//creativecommons.org/licenses/by-nc-sa/4.0/","//www.xeno-canto.org/257798","A","?","1999-06-00","750","//www.xeno-canto.org/sounds/uploaded/YKKDTZHLUU/ffts/XC257798-small.png","//www.xeno-canto.org/sounds/uploaded/YKKDTZHLUU/ffts/XC257798-med.png","//www.xeno-canto.org/sounds/uploaded/YKKDTZHLUU/ffts/XC257798-large.png","//www.xeno-canto.org/sounds/uploaded/YKKDTZHLUU/ffts/XC257798-full.png","0:11","2015-07-16","Thamnophilus aethiops","<a href=http://johnvmoorenaturerecordings.com/pubs/ECUAD/main.htm>Moore et al. 2013: Bird Sounds of Ecuador DVD </a>","unknown","no",NA,NA,NA,NA,NA,NA,NA,NA
"257797","Phaethornis","griseogularis","griseogularis","Grey-chinned Hermit","John V. Moore","Ecuador","Zamora-Chinchipe: Río Bombuscaro","-4.108","-78.964","song at a lek","//www.xeno-canto.org/257797/download","//creativecommons.org/licenses/by-nc-sa/4.0/","//www.xeno-canto.org/257797","A","?","1997-11-00","1000","//www.xeno-canto.org/sounds/uploaded/YKKDTZHLUU/ffts/XC257797-small.png","//www.xeno-canto.org/sounds/uploaded/YKKDTZHLUU/ffts/XC257797-med.png","//www.xeno-canto.org/sounds/uploaded/YKKDTZHLUU/ffts/XC257797-large.png","//www.xeno-canto.org/sounds/uploaded/YKKDTZHLUU/ffts/XC257797-full.png","0:29","2015-07-16","","<a href=http://johnvmoorenaturerecordings.com/pubs/ECUAD/main.htm>Moore et al. 2013: Bird Sounds of Ecuador DVD </a>","unknown","no",NA,NA,NA,NA,NA,NA,NA,NA
"251323","Phaethornis","griseogularis","griseogularis","Grey-chinned Hermit","Niels Krabbe","Ecuador","Zamora-Chinchipe: Filo de Chumbiriatza, tepui 4.5 km SW Las Orchideas, above ""Cabañas Yankuam"", Nangaritza Valley","-4.267","-78.683","song","//www.xeno-canto.org/251323/download","//creativecommons.org/licenses/by-sa/4.0/","//www.xeno-canto.org/251323","A","08:00","2007-04-10","1550-1600","//www.xeno-canto.org/sounds/uploaded/XTVEPHMPPJ/ffts/XC251323-small.png","//www.xeno-canto.org/sounds/uploaded/XTVEPHMPPJ/ffts/XC251323-med.png","//www.xeno-canto.org/sounds/uploaded/XTVEPHMPPJ/ffts/XC251323-large.png","//www.xeno-canto.org/sounds/uploaded/XTVEPHMPPJ/ffts/XC251323-full.png","0:24","2015-06-07","","Humid forest. Filtered version on Moore et al. (2013) (http://johnvmoorenaturerecordings.com/pubs/ECUAD/main.htm).","no","no",NA,NA,NA,NA,NA,NA,NA,NA
"227571","Phaethornis","griseogularis","","Grey-chinned Hermit","Peter Boesman","Venezuela","Finca Monteverde at Olinda II, Merida","8.75","-71.4666666667","song","//www.xeno-canto.org/227571/download","//creativecommons.org/licenses/by-nc-nd/4.0/","//www.xeno-canto.org/227571","A","11:00","2000-07-27","","//www.xeno-canto.org/sounds/uploaded/OOECIWCSWV/ffts/XC227571-small.png","//www.xeno-canto.org/sounds/uploaded/OOECIWCSWV/ffts/XC227571-med.png","//www.xeno-canto.org/sounds/uploaded/OOECIWCSWV/ffts/XC227571-large.png","//www.xeno-canto.org/sounds/uploaded/OOECIWCSWV/ffts/XC227571-full.png","0:31","2015-03-23","","ID certainty 80%. (Archiv. tape 113 side A track 44 seq. A)","unknown","unknown",NA,NA,NA,NA,NA,NA,NA,NA
"227570","Phaethornis","griseogularis","","Grey-chinned Hermit","Peter Boesman","Venezuela","Finca Monteverde at Olinda II, Merida","8.75","-71.4666666667","song","//www.xeno-canto.org/227570/download","//creativecommons.org/licenses/by-nc-nd/4.0/","//www.xeno-canto.org/227570","A","07:00","2000-07-26","","//www.xeno-canto.org/sounds/uploaded/OOECIWCSWV/ffts/XC227570-small.png","//www.xeno-canto.org/sounds/uploaded/OOECIWCSWV/ffts/XC227570-med.png","//www.xeno-canto.org/sounds/uploaded/OOECIWCSWV/ffts/XC227570-large.png","//www.xeno-canto.org/sounds/uploaded/OOECIWCSWV/ffts/XC227570-full.png","0:16","2015-03-23","","ID certainty 80%. (Archiv. tape 112 side B track 13 seq. B)","unknown","unknown",NA,NA,NA,NA,NA,NA,NA,NA
"227569","Phaethornis","griseogularis","","Grey-chinned Hermit","Peter Boesman","Venezuela","Finca Monteverde at Olinda II, Merida","8.75","-71.4666666667","song","//www.xeno-canto.org/227569/download","//creativecommons.org/licenses/by-nc-nd/4.0/","//www.xeno-canto.org/227569","A","07:00","2000-07-26","","//www.xeno-canto.org/sounds/uploaded/OOECIWCSWV/ffts/XC227569-small.png","//www.xeno-canto.org/sounds/uploaded/OOECIWCSWV/ffts/XC227569-med.png","//www.xeno-canto.org/sounds/uploaded/OOECIWCSWV/ffts/XC227569-large.png","//www.xeno-canto.org/sounds/uploaded/OOECIWCSWV/ffts/XC227569-full.png","0:24","2015-03-23","","ID certainty 80%. (Archiv. tape 112 side B track 13 seq. A)","unknown","unknown",NA,NA,NA,NA,NA,NA,NA,NA
"206500","Phaethornis","griseogularis","","Grey-chinned Hermit","Jerome Fischer","Ecuador","Vilcabamba, Loja","-4.2581","-79.2169","song","//www.xeno-canto.org/206500/download","//creativecommons.org/licenses/by-nc-sa/4.0/","//www.xeno-canto.org/206500","A","15:00","2014-12-14","1300","//www.xeno-canto.org/sounds/uploaded/JPBSNBUUEF/ffts/XC206500-small.png","//www.xeno-canto.org/sounds/uploaded/JPBSNBUUEF/ffts/XC206500-med.png","//www.xeno-canto.org/sounds/uploaded/JPBSNBUUEF/ffts/XC206500-large.png","//www.xeno-canto.org/sounds/uploaded/JPBSNBUUEF/ffts/XC206500-full.png","1:03","2014-12-15","","lekking","yes","no",NA,NA,NA,NA,NA,NA,NA,NA
"148246","Phaethornis","griseogularis","","Grey-chinned Hermit","Gary Stiles (Colección de Sonidos Ambientales - Instituto Humboldt)","Colombia","Meta, Cabuyaro","4.264167","-73.05","song","//www.xeno-canto.org/148246/download","//creativecommons.org/licenses/by-nc-sa/3.0/","//www.xeno-canto.org/148246","A","?","1994-10-30","488","//www.xeno-canto.org/sounds/uploaded/XMFDPACYJN/ffts/XC148246-small.png","//www.xeno-canto.org/sounds/uploaded/XMFDPACYJN/ffts/XC148246-med.png","//www.xeno-canto.org/sounds/uploaded/XMFDPACYJN/ffts/XC148246-large.png","//www.xeno-canto.org/sounds/uploaded/XMFDPACYJN/ffts/XC148246-full.png","1:00","2013-09-22","","IAvH-CSA 11172

To obtain a wav file of the original recording, please contact csa@humboldt.org.co","no","no",NA,NA,NA,NA,NA,NA,NA,NA
"118559","Phaethornis","griseogularis","porcullae","Grey-chinned Hermit","Leonardo Ordóñez-Delgado","Ecuador","El Airo, Espindola, Loja","-4.4797","-79.391","call, song","//www.xeno-canto.org/118559/download","//creativecommons.org/licenses/by-nc-sa/3.0/","//www.xeno-canto.org/118559","A","11:30","2013-01-10","1800","//www.xeno-canto.org/sounds/uploaded/RJNSQXBIJE/ffts/XC118559-small.png","//www.xeno-canto.org/sounds/uploaded/RJNSQXBIJE/ffts/XC118559-med.png","//www.xeno-canto.org/sounds/uploaded/RJNSQXBIJE/ffts/XC118559-large.png","//www.xeno-canto.org/sounds/uploaded/RJNSQXBIJE/ffts/XC118559-full.png","1:15","2013-01-20","","Loud sound of a stream to the background","yes","no",NA,NA,NA,NA,NA,NA,NA,NA
"98779","Phaethornis","griseogularis","griseogularis","Grey-chinned Hermit","Andrew Spencer","Ecuador","El Chorro, Zamora-Chinchipe","-4.9237","-79.1109","lekking","//www.xeno-canto.org/98779/download","//creativecommons.org/licenses/by-nc-nd/2.5/","//www.xeno-canto.org/98779","A","08:30","2012-04-09","950","//www.xeno-canto.org/sounds/uploaded/CDTGHVBGZP/ffts/XC98779-small.png","//www.xeno-canto.org/sounds/uploaded/CDTGHVBGZP/ffts/XC98779-med.png","//www.xeno-canto.org/sounds/uploaded/CDTGHVBGZP/ffts/XC98779-large.png","//www.xeno-canto.org/sounds/uploaded/CDTGHVBGZP/ffts/XC98779-full.png","1:07","2012-04-15","","natural vocalization from an unseen bird singing in low dense roadside scrub.","unknown","unknown",NA,NA,NA,NA,NA,NA,NA,NA
"98098","Phaethornis","griseogularis","griseogularis","Grey-chinned Hermit","Tayler Brooks","Ecuador","Wildsumaco, 5km NW Guagua Sumaco, Napo","-0.6873","-77.5992","Call","//www.xeno-canto.org/98098/download","//creativecommons.org/licenses/by-nc-nd/2.5/","//www.xeno-canto.org/98098","A","8:00","2011-02-09","1450","//www.xeno-canto.org/sounds/uploaded/ARFGONJCBJ/ffts/XC98098-small.png","//www.xeno-canto.org/sounds/uploaded/ARFGONJCBJ/ffts/XC98098-med.png","//www.xeno-canto.org/sounds/uploaded/ARFGONJCBJ/ffts/XC98098-large.png","//www.xeno-canto.org/sounds/uploaded/ARFGONJCBJ/ffts/XC98098-full.png","0:08","2012-04-06","","From bird flying by, another singing in background.","unknown","unknown",NA,NA,NA,NA,NA,NA,NA,NA
"97484","Phaethornis","griseogularis","griseogularis","Grey-chinned Hermit","Andrew Spencer","Ecuador","Huasquila Amazon Lodge, Napo","-0.816","-77.818","lekking","//www.xeno-canto.org/97484/download","//creativecommons.org/licenses/by-nc-nd/2.5/","//www.xeno-canto.org/97484","A","07:50","2012-03-26","800","//www.xeno-canto.org/sounds/uploaded/CDTGHVBGZP/ffts/XC97484-small.png","//www.xeno-canto.org/sounds/uploaded/CDTGHVBGZP/ffts/XC97484-med.png","//www.xeno-canto.org/sounds/uploaded/CDTGHVBGZP/ffts/XC97484-large.png","//www.xeno-canto.org/sounds/uploaded/CDTGHVBGZP/ffts/XC97484-full.png","1:13","2012-03-27","","natural vocalization vocalization from a lekking individual.  The bird was singing from a hidden perch about 1m off the ground in a dense tangle.  It was later observed fighting with two other hermits in the same area.","unknown","unknown",NA,NA,NA,NA,NA,NA,NA,NA
"95769","Phaethornis","griseogularis","porcullae","Grey-chinned Hermit","Daniel Lane","Peru","El Caucho Biological Station, Tumbes","-3.8242","-80.2601","song","//www.xeno-canto.org/95769/download","//creativecommons.org/licenses/by-nc-nd/2.5/","//www.xeno-canto.org/95769","A","09:40","2009-06-11","600","//www.xeno-canto.org/sounds/uploaded/WOEAFQRMUD/ffts/XC95769-small.png","//www.xeno-canto.org/sounds/uploaded/WOEAFQRMUD/ffts/XC95769-med.png","//www.xeno-canto.org/sounds/uploaded/WOEAFQRMUD/ffts/XC95769-large.png","//www.xeno-canto.org/sounds/uploaded/WOEAFQRMUD/ffts/XC95769-full.png","2:07","2012-02-28",NA,"Natural song from a third individual (unseen, probably about 1m from ground) singing in brush at edge of grassy clearing.","unknown","unknown","Ramphocaenus melanurus","Veniliornis kirkii",NA,NA,NA,NA,NA,NA
"95768","Phaethornis","griseogularis","porcullae","Grey-chinned Hermit","Daniel Lane","Peru","El Caucho Biological Station, Tumbes","-3.8242","-80.2601","song","//www.xeno-canto.org/95768/download","//creativecommons.org/licenses/by-nc-nd/2.5/","//www.xeno-canto.org/95768","A","09:30","2009-06-11","600","//www.xeno-canto.org/sounds/uploaded/WOEAFQRMUD/ffts/XC95768-small.png","//www.xeno-canto.org/sounds/uploaded/WOEAFQRMUD/ffts/XC95768-med.png","//www.xeno-canto.org/sounds/uploaded/WOEAFQRMUD/ffts/XC95768-large.png","//www.xeno-canto.org/sounds/uploaded/WOEAFQRMUD/ffts/XC95768-full.png","2:16","2012-02-28",NA,"Natural song from a different individual (unseen, probably about 1m from ground) singing in brush at edge of grassy clearing.","unknown","unknown","Setophaga pitiayumi","Onychorhynchus occidentalis","Ramphocaenus melanurus",NA,NA,NA,NA,NA
"95767","Phaethornis","griseogularis","porcullae","Grey-chinned Hermit","Daniel Lane","Peru","El Caucho Biological Station, Tumbes","-3.8242","-80.2601","song","//www.xeno-canto.org/95767/download","//creativecommons.org/licenses/by-nc-nd/2.5/","//www.xeno-canto.org/95767","A","09:15","2009-06-11","600","//www.xeno-canto.org/sounds/uploaded/WOEAFQRMUD/ffts/XC95767-small.png","//www.xeno-canto.org/sounds/uploaded/WOEAFQRMUD/ffts/XC95767-med.png","//www.xeno-canto.org/sounds/uploaded/WOEAFQRMUD/ffts/XC95767-large.png","//www.xeno-canto.org/sounds/uploaded/WOEAFQRMUD/ffts/XC95767-full.png","3:07","2012-02-28",NA,"Song after playback from the same unseen bird as XC95766 from brush at edge of grassy clearing, probably 1-2m up.","unknown","unknown","Myiothlypis fraseri","Onychorhynchus occidentalis","Todirostrum cinereum","Pheugopedius sclateri","Ramphocaenus melanurus",NA,NA,NA
"95764","Phaethornis","griseogularis","porcullae","Grey-chinned Hermit","Daniel Lane","Peru","El Caucho Biological Station, Tumbes","-3.8242","-80.2601","call","//www.xeno-canto.org/95764/download","//creativecommons.org/licenses/by-nc-nd/2.5/","//www.xeno-canto.org/95764","A","07:45","2009-06-11","600","//www.xeno-canto.org/sounds/uploaded/WOEAFQRMUD/ffts/XC95764-small.png","//www.xeno-canto.org/sounds/uploaded/WOEAFQRMUD/ffts/XC95764-med.png","//www.xeno-canto.org/sounds/uploaded/WOEAFQRMUD/ffts/XC95764-large.png","//www.xeno-canto.org/sounds/uploaded/WOEAFQRMUD/ffts/XC95764-full.png","0:06","2012-02-28","Setophaga pitiayumi","Natural vocalizations from a bird that flew by unseen at edge of semi-humid forest.","unknown","unknown",NA,NA,NA,NA,NA,NA,NA,NA
"4127","Phaethornis","griseogularis","griseogularis","Grey-chinned Hermit","Nick Athanas","Ecuador","Parque Nacional Podocarpus, sector Rio Bombuscaro, Zamora-Chinchipe","-4.1139","-78.9637","lekking","//www.xeno-canto.org/4127/download","//creativecommons.org/licenses/by-nc-sa/3.0/","//www.xeno-canto.org/4127","A","08:00","2001-09-26","1000","//www.xeno-canto.org/sounds/uploaded/XRABICUARW/ffts/XC4127-small.png","//www.xeno-canto.org/sounds/uploaded/XRABICUARW/ffts/XC4127-med.png","//www.xeno-canto.org/sounds/uploaded/XRABICUARW/ffts/XC4127-large.png","//www.xeno-canto.org/sounds/uploaded/XRABICUARW/ffts/XC4127-full.png","0:30","2008-11-20","","","unknown","unknown",NA,NA,NA,NA,NA,NA,NA,NA
"443955","Phaethornis","griseogularis","","Grey-chinned Hermit","Charlie Vogt","Ecuador","Provincia de Napo","-0.6023","-77.5963","song","//www.xeno-canto.org/443955/download","//creativecommons.org/licenses/by-nc-sa/4.0/","//www.xeno-canto.org/443955","B","09:00","2004-04-12","1900","//www.xeno-canto.org/sounds/uploaded/NYTXYAQSTH/ffts/XC443955-small.png","//www.xeno-canto.org/sounds/uploaded/NYTXYAQSTH/ffts/XC443955-med.png","//www.xeno-canto.org/sounds/uploaded/NYTXYAQSTH/ffts/XC443955-large.png","//www.xeno-canto.org/sounds/uploaded/NYTXYAQSTH/ffts/XC443955-full.png","0:48","2018-11-27","","","no","no",NA,NA,NA,NA,NA,NA,NA,NA
"393025","Phaethornis","griseogularis","","Grey-chinned Hermit","Jorge Enrique Avendaño","Colombia","Bosques de Bavaria, Villavicencio, Meta","4.1813","-73.6511","song","//www.xeno-canto.org/393025/download","//creativecommons.org/licenses/by-nc-sa/4.0/","//www.xeno-canto.org/393025","B","15:00","2017-11-11","650","//www.xeno-canto.org/sounds/uploaded/KYUFWYBYJY/ffts/XC393025-small.png","//www.xeno-canto.org/sounds/uploaded/KYUFWYBYJY/ffts/XC393025-med.png","//www.xeno-canto.org/sounds/uploaded/KYUFWYBYJY/ffts/XC393025-large.png","//www.xeno-canto.org/sounds/uploaded/KYUFWYBYJY/ffts/XC393025-full.png","1:15","2017-11-14","","Individuo cantando dentro de sotobosque denso en borde de carretera. Hay otros dos individuos vocalizando en un radio de 30 m.","yes","no",NA,NA,NA,NA,NA,NA,NA,NA
"304568","Phaethornis","griseogularis","","Grey-chinned Hermit","GABRIEL LEITE","Brazil","Caracaraí, Roraima","1.6682","-61.9272","flight call","//www.xeno-canto.org/304568/download","//creativecommons.org/licenses/by-nc-sa/4.0/","//www.xeno-canto.org/304568","B","08:30","2016-02-03","700","//www.xeno-canto.org/sounds/uploaded/TGBFXDVERJ/ffts/XC304568-small.png","//www.xeno-canto.org/sounds/uploaded/TGBFXDVERJ/ffts/XC304568-med.png","//www.xeno-canto.org/sounds/uploaded/TGBFXDVERJ/ffts/XC304568-large.png","//www.xeno-canto.org/sounds/uploaded/TGBFXDVERJ/ffts/XC304568-full.png","0:11","2016-02-24","","","yes","no",NA,NA,NA,NA,NA,NA,NA,NA
"276353","Phaethornis","griseogularis","griseogularis","Grey-chinned Hermit","Jonas Nilsson","Ecuador","Zamora-Chinchipe: near Chito","-4.92","-79.029","song","//www.xeno-canto.org/276353/download","//creativecommons.org/licenses/by-nc-sa/4.0/","//www.xeno-canto.org/276353","B","15:30","2001-05-27","1400","//www.xeno-canto.org/sounds/uploaded/GTTLRDCZWR/ffts/XC276353-small.png","//www.xeno-canto.org/sounds/uploaded/GTTLRDCZWR/ffts/XC276353-med.png","//www.xeno-canto.org/sounds/uploaded/GTTLRDCZWR/ffts/XC276353-large.png","//www.xeno-canto.org/sounds/uploaded/GTTLRDCZWR/ffts/XC276353-full.png","0:27","2015-08-28","","Reference: JN4. Krabbe & Nilsson (2003) (ISBN 90-75838-06-9).","yes","no",NA,NA,NA,NA,NA,NA,NA,NA
"276351","Phaethornis","griseogularis","griseogularis","Grey-chinned Hermit","Jonas Nilsson","Ecuador","Zamora-Chinchipe: Río Bombuscaro","-4.108","-78.964","song","//www.xeno-canto.org/276351/download","//creativecommons.org/licenses/by-nc-sa/4.0/","//www.xeno-canto.org/276351","B","08:43","1997-05-23","1000","//www.xeno-canto.org/sounds/uploaded/GTTLRDCZWR/ffts/XC276351-small.png","//www.xeno-canto.org/sounds/uploaded/GTTLRDCZWR/ffts/XC276351-med.png","//www.xeno-canto.org/sounds/uploaded/GTTLRDCZWR/ffts/XC276351-large.png","//www.xeno-canto.org/sounds/uploaded/GTTLRDCZWR/ffts/XC276351-full.png","0:52","2015-08-28","","Humid-wet, selectively logged forest. Reference: JN2. Krabbe & Nilsson (2003) (ISBN 90-75838-06-9).","yes","no",NA,NA,NA,NA,NA,NA,NA,NA
"276350","Phaethornis","griseogularis","griseogularis","Grey-chinned Hermit","Jonas Nilsson","Ecuador","Zamora-Chinchipe: near Chito","-4.92","-79.029","song","//www.xeno-canto.org/276350/download","//creativecommons.org/licenses/by-nc-sa/4.0/","//www.xeno-canto.org/276350","B","?","1997-01-04","1400","//www.xeno-canto.org/sounds/uploaded/GTTLRDCZWR/ffts/XC276350-small.png","//www.xeno-canto.org/sounds/uploaded/GTTLRDCZWR/ffts/XC276350-med.png","//www.xeno-canto.org/sounds/uploaded/GTTLRDCZWR/ffts/XC276350-large.png","//www.xeno-canto.org/sounds/uploaded/GTTLRDCZWR/ffts/XC276350-full.png","1:16","2015-08-28","Icterus mesomelas","Reference: JN1. Krabbe & Nilsson (2003) (ISBN 90-75838-06-9).","yes","no",NA,NA,NA,NA,NA,NA,NA,NA
"227572","Phaethornis","griseogularis","","Grey-chinned Hermit","Peter Boesman","Venezuela","Yacambu NP, Lara","9.7166666667","-69.5833333333","song","//www.xeno-canto.org/227572/download","//creativecommons.org/licenses/by-nc-nd/4.0/","//www.xeno-canto.org/227572","B","09:00","1997-12-21","1300 - 1750","//www.xeno-canto.org/sounds/uploaded/OOECIWCSWV/ffts/XC227572-small.png","//www.xeno-canto.org/sounds/uploaded/OOECIWCSWV/ffts/XC227572-med.png","//www.xeno-canto.org/sounds/uploaded/OOECIWCSWV/ffts/XC227572-large.png","//www.xeno-canto.org/sounds/uploaded/OOECIWCSWV/ffts/XC227572-full.png","0:30","2015-03-23","","ID certainty 100%. (Archiv. tape 63 side A track 13 seq. A)","unknown","unknown",NA,NA,NA,NA,NA,NA,NA,NA
"175330","Phaethornis","griseogularis","porcullae","Grey-chinned Hermit","Roger Ahlman","Peru","Chota, Cajamarca","-6.4833","-79.3833","song","//www.xeno-canto.org/175330/download","//creativecommons.org/licenses/by-nc-sa/4.0/","//www.xeno-canto.org/175330","B","07:15","2013-08-07","1200","//www.xeno-canto.org/sounds/uploaded/EGHCOFEENE/ffts/XC175330-small.png","//www.xeno-canto.org/sounds/uploaded/EGHCOFEENE/ffts/XC175330-med.png","//www.xeno-canto.org/sounds/uploaded/EGHCOFEENE/ffts/XC175330-large.png","//www.xeno-canto.org/sounds/uploaded/EGHCOFEENE/ffts/XC175330-full.png","0:36","2014-04-20","","In dense scrub/forest along the road. A lek here with several males singing and flying around.","yes","no",NA,NA,NA,NA,NA,NA,NA,NA
"118561","Phaethornis","griseogularis","porcullae","Grey-chinned Hermit","Leonardo Ordóñez-Delgado","Ecuador","El Airo, Espindola, Loja","-4.4797","-79.391","call, song","//www.xeno-canto.org/118561/download","//creativecommons.org/licenses/by-nc-sa/3.0/","//www.xeno-canto.org/118561","B","11:30","2013-01-10","1800","//www.xeno-canto.org/sounds/uploaded/RJNSQXBIJE/ffts/XC118561-small.png","//www.xeno-canto.org/sounds/uploaded/RJNSQXBIJE/ffts/XC118561-med.png","//www.xeno-canto.org/sounds/uploaded/RJNSQXBIJE/ffts/XC118561-large.png","//www.xeno-canto.org/sounds/uploaded/RJNSQXBIJE/ffts/XC118561-full.png","0:54","2013-01-20","","Loud sound of a stream to the background","yes","no",NA,NA,NA,NA,NA,NA,NA,NA
"118558","Phaethornis","griseogularis","porcullae","Grey-chinned Hermit","Leonardo Ordóñez-Delgado","Ecuador","El Airo, Espindola, Loja","-4.4797","-79.391","call, song","//www.xeno-canto.org/118558/download","//creativecommons.org/licenses/by-nc-sa/3.0/","//www.xeno-canto.org/118558","B","11:30","2013-01-10","1800","//www.xeno-canto.org/sounds/uploaded/RJNSQXBIJE/ffts/XC118558-small.png","//www.xeno-canto.org/sounds/uploaded/RJNSQXBIJE/ffts/XC118558-med.png","//www.xeno-canto.org/sounds/uploaded/RJNSQXBIJE/ffts/XC118558-large.png","//www.xeno-canto.org/sounds/uploaded/RJNSQXBIJE/ffts/XC118558-full.png","1:10","2013-01-20","","Loud sound of a stream to the background","yes","no",NA,NA,NA,NA,NA,NA,NA,NA
"95766","Phaethornis","griseogularis","porcullae","Grey-chinned Hermit","Daniel Lane","Peru","El Caucho Biological Station, Tumbes","-3.8242","-80.2601","call, song","//www.xeno-canto.org/95766/download","//creativecommons.org/licenses/by-nc-nd/2.5/","//www.xeno-canto.org/95766","B","09:05","2009-06-11","600","//www.xeno-canto.org/sounds/uploaded/WOEAFQRMUD/ffts/XC95766-small.png","//www.xeno-canto.org/sounds/uploaded/WOEAFQRMUD/ffts/XC95766-med.png","//www.xeno-canto.org/sounds/uploaded/WOEAFQRMUD/ffts/XC95766-large.png","//www.xeno-canto.org/sounds/uploaded/WOEAFQRMUD/ffts/XC95766-full.png","1:40","2012-02-28",NA,"Natural song followed by flight calls from an unseen bird from brush at edge of grassy clearing, probably 1-2m up.","unknown","unknown","Myiothlypis fraseri","Onychorhynchus occidentalis",NA,NA,NA,NA,NA,NA
"75298","Phaethornis","griseogularis","griseogularis?","Grey-chinned Hermit","Fabrice Schmitt","Peru","Aguas Verdes",NA,NA,"lek","//www.xeno-canto.org/75298/download","//creativecommons.org/licenses/by-nc-nd/2.5/","//www.xeno-canto.org/75298","B","11:30","2009-07-06","1037","//www.xeno-canto.org/sounds/uploaded/FPAGKPAQYO/ffts/XC75298-small.png","//www.xeno-canto.org/sounds/uploaded/FPAGKPAQYO/ffts/XC75298-med.png","//www.xeno-canto.org/sounds/uploaded/FPAGKPAQYO/ffts/XC75298-large.png","//www.xeno-canto.org/sounds/uploaded/FPAGKPAQYO/ffts/XC75298-full.png","0:44","2011-04-07","","","unknown","unknown",NA,NA,NA,NA,NA,NA,NA,NA
"43385","Phaethornis","griseogularis","","Grey-chinned Hermit","Walberto Naranjo","Colombia"," 11.136454° -74.104168°","11.171","-74.148","Call Lek","//www.xeno-canto.org/43385/download","//creativecommons.org/licenses/by-nc-nd/2.5/","//www.xeno-canto.org/43385","B","09.30","2009-09-17","520","//www.xeno-canto.org/sounds/uploaded/CHKLMNWCZI/ffts/XC43385-small.png","//www.xeno-canto.org/sounds/uploaded/CHKLMNWCZI/ffts/XC43385-med.png","//www.xeno-canto.org/sounds/uploaded/CHKLMNWCZI/ffts/XC43385-large.png","//www.xeno-canto.org/sounds/uploaded/CHKLMNWCZI/ffts/XC43385-full.png","0:44","2010-01-23","","","unknown","unknown",NA,NA,NA,NA,NA,NA,NA,NA
"276352","Phaethornis","griseogularis","griseogularis","Grey-chinned Hermit","Jonas Nilsson","Ecuador","Zamora-Chinchipe: Río Bombuscaro","-4.108","-78.964","song at lek","//www.xeno-canto.org/276352/download","//creativecommons.org/licenses/by-nc-sa/4.0/","//www.xeno-canto.org/276352","C","06:30","1995-12-14","1000","//www.xeno-canto.org/sounds/uploaded/GTTLRDCZWR/ffts/XC276352-small.png","//www.xeno-canto.org/sounds/uploaded/GTTLRDCZWR/ffts/XC276352-med.png","//www.xeno-canto.org/sounds/uploaded/GTTLRDCZWR/ffts/XC276352-large.png","//www.xeno-canto.org/sounds/uploaded/GTTLRDCZWR/ffts/XC276352-full.png","0:21","2015-08-28","","Humid-wet, selectively logged forest. Reference: JN3. Krabbe & Nilsson (2003) (ISBN 90-75838-06-9).","yes","no",NA,NA,NA,NA,NA,NA,NA,NA
"251324","Phaethornis","griseogularis","griseogularis","Grey-chinned Hermit","Niels Krabbe","Ecuador","Zamora-Chinchipe: between Palanda and Zumba","-4.683","-79.133","lek song","//www.xeno-canto.org/251324/download","//creativecommons.org/licenses/by-sa/4.0/","//www.xeno-canto.org/251324","C","08:38","2004-10-23","1050","//www.xeno-canto.org/sounds/uploaded/XTVEPHMPPJ/ffts/XC251324-small.png","//www.xeno-canto.org/sounds/uploaded/XTVEPHMPPJ/ffts/XC251324-med.png","//www.xeno-canto.org/sounds/uploaded/XTVEPHMPPJ/ffts/XC251324-large.png","//www.xeno-canto.org/sounds/uploaded/XTVEPHMPPJ/ffts/XC251324-full.png","1:58","2015-06-07","","Semihumid roadside thicket. Filtered version on Moore et al. (2013) (http://johnvmoorenaturerecordings.com/pubs/ECUAD/main.htm).","yes","no",NA,NA,NA,NA,NA,NA,NA,NA
"245479","Phaethornis","griseogularis","","Grey-chinned Hermit","Oscar Humberto Marín Gómez","Colombia","Finca La Envidia, Vereda Puna Puna, Tame, Arauca","6.33","-71.77","song","//www.xeno-canto.org/245479/download","//creativecommons.org/licenses/by-nc-sa/3.0/","//www.xeno-canto.org/245479","C","07:10","2015-04-03","305","//www.xeno-canto.org/sounds/uploaded/CSUHASNRSU/ffts/XC245479-small.png","//www.xeno-canto.org/sounds/uploaded/CSUHASNRSU/ffts/XC245479-med.png","//www.xeno-canto.org/sounds/uploaded/CSUHASNRSU/ffts/XC245479-large.png","//www.xeno-canto.org/sounds/uploaded/CSUHASNRSU/ffts/XC245479-full.png","1:40","2015-05-23","","ID accurancy: 100%. Habitat: Second growth forest border near to Rio Puna Puna. Distance to mic: 20 m. Tascam DR-100MKII, Sennheiser ME66. Reference: 150403_2294","yes","no",NA,NA,NA,NA,NA,NA,NA,NA
"245224","Phaethornis","griseogularis","","Grey-chinned Hermit","Oscar Humberto Marín Gómez","Colombia","Bosque El Algarrobo, Vereda San Pedro, Tamara, Casanare","5.76","-72.2","flight call","//www.xeno-canto.org/245224/download","//creativecommons.org/licenses/by-nc-sa/3.0/","//www.xeno-canto.org/245224","C","08:40","2015-03-21","560","//www.xeno-canto.org/sounds/uploaded/CSUHASNRSU/ffts/XC245224-small.png","//www.xeno-canto.org/sounds/uploaded/CSUHASNRSU/ffts/XC245224-med.png","//www.xeno-canto.org/sounds/uploaded/CSUHASNRSU/ffts/XC245224-large.png","//www.xeno-canto.org/sounds/uploaded/CSUHASNRSU/ffts/XC245224-full.png","0:08","2015-05-23","","ID accurancy: 100%. Habitat: Sotobosque de Bosque secundario. Distance to mic: 20 m. Tascam DR-100MKII, Sennheiser ME66.Reference:150321_2093_0420","yes","no",NA,NA,NA,NA,NA,NA,NA,NA
"238802","Phaethornis","griseogularis","griseogularis","Grey-chinned Hermit","Niels Krabbe","Ecuador","Morona-Santiago: e-slope Cord. de Cutucú: Unnsuants","-2.55","-77.9","song at lek","//www.xeno-canto.org/238802/download","//creativecommons.org/licenses/by-nc-sa/3.0/","//www.xeno-canto.org/238802","C","6:40","2002-02-02","525","//www.xeno-canto.org/sounds/uploaded/XTVEPHMPPJ/ffts/XC238802-small.png","//www.xeno-canto.org/sounds/uploaded/XTVEPHMPPJ/ffts/XC238802-med.png","//www.xeno-canto.org/sounds/uploaded/XTVEPHMPPJ/ffts/XC238802-large.png","//www.xeno-canto.org/sounds/uploaded/XTVEPHMPPJ/ffts/XC238802-full.png","0:37","2015-05-01",NA,"Riparian shrubbery. Reference: A: 41-48 (Phagrix1). Krabbe & Nilsson (2003) (ISBN 90-75838-06-9).","yes","no","Leptotila rufaxilla","Herpetotheres cachinnans",NA,NA,NA,NA,NA,NA
"227573","Phaethornis","griseogularis","","Grey-chinned Hermit","Peter Boesman","Venezuela","Yacambu NP, Lara","9.7166666667","-69.5833333333","song","//www.xeno-canto.org/227573/download","//creativecommons.org/licenses/by-nc-nd/4.0/","//www.xeno-canto.org/227573","C","09:00","1997-12-22","1300 - 1750","//www.xeno-canto.org/sounds/uploaded/OOECIWCSWV/ffts/XC227573-small.png","//www.xeno-canto.org/sounds/uploaded/OOECIWCSWV/ffts/XC227573-med.png","//www.xeno-canto.org/sounds/uploaded/OOECIWCSWV/ffts/XC227573-large.png","//www.xeno-canto.org/sounds/uploaded/OOECIWCSWV/ffts/XC227573-full.png","0:17","2015-03-23","","ID certainty 100%. (Archiv. tape 63 side A track 26 seq. A)","unknown","unknown",NA,NA,NA,NA,NA,NA,NA,NA
"74496","Phaethornis","griseogularis","","Grey-chinned Hermit","Angela Caguazango y Oswaldo Cortes","Colombia","San Luis de Gaceno_Cuchilla de San Agustin","4.856","-73.187","song","//www.xeno-canto.org/74496/download","//creativecommons.org/licenses/by-nc-nd/2.5/","//www.xeno-canto.org/74496","C","08:00","2010-11-11","1200","//www.xeno-canto.org/sounds/uploaded/VVDRVZCVWW/ffts/XC74496-small.png","//www.xeno-canto.org/sounds/uploaded/VVDRVZCVWW/ffts/XC74496-med.png","//www.xeno-canto.org/sounds/uploaded/VVDRVZCVWW/ffts/XC74496-large.png","//www.xeno-canto.org/sounds/uploaded/VVDRVZCVWW/ffts/XC74496-full.png","0:55","2011-03-27","","","unknown","unknown",NA,NA,NA,NA,NA,NA,NA,NA
"28110","Phaethornis","griseogularis","","Grey-chinned Hermit","David Geale","Peru","NW of Rioja, San Martin","-6.0476","-77.262","Lekking","//www.xeno-canto.org/28110/download","//creativecommons.org/licenses/by-nc-nd/2.5/","//www.xeno-canto.org/28110","C","10:00","2008-12-13","850","//www.xeno-canto.org/sounds/uploaded/SBFBVYGIJC/ffts/XC28110-small.png","//www.xeno-canto.org/sounds/uploaded/SBFBVYGIJC/ffts/XC28110-med.png","//www.xeno-canto.org/sounds/uploaded/SBFBVYGIJC/ffts/XC28110-large.png","//www.xeno-canto.org/sounds/uploaded/SBFBVYGIJC/ffts/XC28110-full.png","1:00","2009-01-10","","","unknown","unknown",NA,NA,NA,NA,NA,NA,NA,NA
"28109","Phaethornis","griseogularis","","Grey-chinned Hermit","David Geale","Peru","NW of Rioja, San Martin","-6.0476","-77.262","Call?","//www.xeno-canto.org/28109/download","//creativecommons.org/licenses/by-nc-nd/2.5/","//www.xeno-canto.org/28109","C","10:00","2008-12-13","850","//www.xeno-canto.org/sounds/uploaded/SBFBVYGIJC/ffts/XC28109-small.png","//www.xeno-canto.org/sounds/uploaded/SBFBVYGIJC/ffts/XC28109-med.png","//www.xeno-canto.org/sounds/uploaded/SBFBVYGIJC/ffts/XC28109-large.png","//www.xeno-canto.org/sounds/uploaded/SBFBVYGIJC/ffts/XC28109-full.png","0:09","2009-01-10","","","unknown","unknown",NA,NA,NA,NA,NA,NA,NA,NA
"12079","Phaethornis","griseogularis","","Grey-chinned Hermit","Frank Lambert","Peru","below Abra Patricia",NA,NA,"song","//www.xeno-canto.org/12079/download","//creativecommons.org/licenses/by-nc-nd/4.0/","//www.xeno-canto.org/12079","C","?","2003-12-14","1300","//www.xeno-canto.org/sounds/uploaded/YTUXOCTUEM/ffts/XC12079-small.png","//www.xeno-canto.org/sounds/uploaded/YTUXOCTUEM/ffts/XC12079-med.png","//www.xeno-canto.org/sounds/uploaded/YTUXOCTUEM/ffts/XC12079-large.png","//www.xeno-canto.org/sounds/uploaded/YTUXOCTUEM/ffts/XC12079-full.png","0:18","2008-11-20","","lekking?","unknown","unknown",NA,NA,NA,NA,NA,NA,NA,NA
"320344","Phaethornis","griseogularis","griseogularis","Grey-chinned Hermit","David Ricardo Rodríguez Villamil","Colombia","Santa María, Boyacá","4.8475","-73.2645","Lek, song","//www.xeno-canto.org/320344/download","//creativecommons.org/licenses/by-nc-sa/4.0/","//www.xeno-canto.org/320344","D","10:15","2016-04-21","800","//www.xeno-canto.org/sounds/uploaded/GSINAVRFEN/ffts/XC320344-small.png","//www.xeno-canto.org/sounds/uploaded/GSINAVRFEN/ffts/XC320344-med.png","//www.xeno-canto.org/sounds/uploaded/GSINAVRFEN/ffts/XC320344-large.png","//www.xeno-canto.org/sounds/uploaded/GSINAVRFEN/ffts/XC320344-full.png","0:21","2016-06-06","","","yes","no",NA,NA,NA,NA,NA,NA,NA,NA
"320343","Phaethornis","griseogularis","griseogularis","Grey-chinned Hermit","David Ricardo Rodríguez Villamil","Colombia","Santa María, Boyacá","4.8477","-73.2643","song","//www.xeno-canto.org/320343/download","//creativecommons.org/licenses/by-nc-sa/4.0/","//www.xeno-canto.org/320343","D","10:00","2016-04-21","800","//www.xeno-canto.org/sounds/uploaded/GSINAVRFEN/ffts/XC320343-small.png","//www.xeno-canto.org/sounds/uploaded/GSINAVRFEN/ffts/XC320343-med.png","//www.xeno-canto.org/sounds/uploaded/GSINAVRFEN/ffts/XC320343-large.png","//www.xeno-canto.org/sounds/uploaded/GSINAVRFEN/ffts/XC320343-full.png","0:07","2016-06-06","","","yes","no",NA,NA,NA,NA,NA,NA,NA,NA
"320342","Phaethornis","griseogularis","griseogularis","Grey-chinned Hermit","David Ricardo Rodríguez Villamil","Colombia","Santa María, Boyacá","4.8477","-73.2644","song","//www.xeno-canto.org/320342/download","//creativecommons.org/licenses/by-nc-sa/4.0/","//www.xeno-canto.org/320342","D","10:00","2016-04-21","800","//www.xeno-canto.org/sounds/uploaded/GSINAVRFEN/ffts/XC320342-small.png","//www.xeno-canto.org/sounds/uploaded/GSINAVRFEN/ffts/XC320342-med.png","//www.xeno-canto.org/sounds/uploaded/GSINAVRFEN/ffts/XC320342-large.png","//www.xeno-canto.org/sounds/uploaded/GSINAVRFEN/ffts/XC320342-full.png","1:14","2016-06-06","","","yes","no",NA,NA,NA,NA,NA,NA,NA,NA
